r1,r2,a1,E
0.800000000000,0.800000000000,90.000000000000,[-76.00781592]
0.800000000000,0.800000000000,100.000000000000,[-76.02264921]
0.800000000000,0.800000000000,110.000000000000,[-76.03084974]
0.800000000000,0.800000000000,120.000000000000,[-76.03329576]
0.800000000000,0.800000000000,130.000000000000,[-76.0311606]
0.800000000000,0.800000000000,140.000000000000,[-76.02591143]
0.800000000000,0.800000000000,150.000000000000,[-76.01922426]
0.800000000000,0.800000000000,160.000000000000,[-76.01282781]
0.800000000000,0.800000000000,170.000000000000,[-76.00826576]
0.800000000000,0.800000000000,180.000000000000,[-76.00661598]
0.800000000000,0.900000000000,90.000000000000,[-76.04730325]
0.800000000000,0.900000000000,100.000000000000,[-76.06008568]
0.800000000000,0.900000000000,110.000000000000,[-76.06646681]
0.800000000000,0.900000000000,120.000000000000,[-76.06727083]
0.800000000000,0.900000000000,130.000000000000,[-76.06365261]
0.800000000000,0.900000000000,140.000000000000,[-76.05708122]
0.800000000000,0.900000000000,150.000000000000,[-76.04926131]
0.800000000000,0.900000000000,160.000000000000,[-76.04197883]
0.800000000000,0.900000000000,170.000000000000,[-76.03684729]
0.800000000000,0.900000000000,180.000000000000,[-76.03500059]
0.800000000000,1.000000000000,90.000000000000,[-76.05583049]
0.800000000000,1.000000000000,100.000000000000,[-76.06644037]
0.800000000000,1.000000000000,110.000000000000,[-76.0709113]
0.800000000000,1.000000000000,120.000000000000,[-76.07003109]
0.800000000000,1.000000000000,130.000000000000,[-76.06492101]
0.800000000000,1.000000000000,140.000000000000,[-76.05702115]
0.800000000000,1.000000000000,150.000000000000,[-76.04803751]
0.800000000000,1.000000000000,160.000000000000,[-76.03980908]
0.800000000000,1.000000000000,170.000000000000,[-76.03404547]
0.800000000000,1.000000000000,180.000000000000,[-76.03197495]
0.800000000000,1.100000000000,90.000000000000,[-76.04870431]
0.800000000000,1.100000000000,100.000000000000,[-76.05715369]
0.800000000000,1.100000000000,110.000000000000,[-76.05976506]
0.800000000000,1.100000000000,120.000000000000,[-76.05728334]
0.800000000000,1.100000000000,130.000000000000,[-76.05076349]
0.800000000000,1.100000000000,140.000000000000,[-76.04157317]
0.800000000000,1.100000000000,150.000000000000,[-76.03138484]
0.800000000000,1.100000000000,160.000000000000,[-76.02209363]
0.800000000000,1.100000000000,170.000000000000,[-76.01556631]
0.800000000000,1.100000000000,180.000000000000,[-76.01321385]
0.800000000000,1.200000000000,90.000000000000,[-76.03393678]
0.800000000000,1.200000000000,100.000000000000,[-76.04036066]
0.800000000000,1.200000000000,110.000000000000,[-76.04128468]
0.800000000000,1.200000000000,120.000000000000,[-76.03738968]
0.800000000000,1.200000000000,130.000000000000,[-76.02962548]
0.800000000000,1.200000000000,140.000000000000,[-76.01923733]
0.800000000000,1.200000000000,150.000000000000,[-76.00781555]
0.800000000000,1.200000000000,160.000000000000,[-75.99730338]
0.800000000000,1.200000000000,170.000000000000,[-75.98980909]
0.800000000000,1.200000000000,180.000000000000,[-75.98707967]
0.800000000000,1.300000000000,90.000000000000,[-76.01579616]
0.800000000000,1.300000000000,100.000000000000,[-76.02041548]
0.800000000000,1.300000000000,110.000000000000,[-76.01990274]
0.800000000000,1.300000000000,120.000000000000,[-76.01485283]
0.800000000000,1.300000000000,130.000000000000,[-76.00607779]
0.800000000000,1.300000000000,140.000000000000,[-75.99465189]
0.800000000000,1.300000000000,150.000000000000,[-75.98201532]
0.800000000000,1.300000000000,160.000000000000,[-75.97010877]
0.800000000000,1.300000000000,170.000000000000,[-75.96135984]
0.800000000000,1.300000000000,180.000000000000,[-75.95810332]
0.800000000000,1.400000000000,90.000000000000,[-75.99658855]
0.800000000000,1.400000000000,100.000000000000,[-75.99966685]
0.800000000000,1.400000000000,110.000000000000,[-75.99800147]
0.800000000000,1.400000000000,120.000000000000,[-75.99208865]
0.800000000000,1.400000000000,130.000000000000,[-75.98258556]
0.800000000000,1.400000000000,140.000000000000,[-75.97035964]
0.800000000000,1.400000000000,150.000000000000,[-75.95661972]
0.800000000000,1.400000000000,160.000000000000,[-75.94317772]
0.800000000000,1.400000000000,170.000000000000,[-75.93277759]
0.800000000000,1.400000000000,180.000000000000,[-75.9287427]
0.800000000000,1.500000000000,90.000000000000,[-75.97756034]
0.800000000000,1.500000000000,100.000000000000,[-75.97936901]
0.800000000000,1.500000000000,110.000000000000,[-75.9768347]
0.800000000000,1.500000000000,120.000000000000,[-75.97035498]
0.800000000000,1.500000000000,130.000000000000,[-75.96043443]
0.800000000000,1.500000000000,140.000000000000,[-75.94772252]
0.800000000000,1.500000000000,150.000000000000,[-75.93312897]
0.800000000000,1.500000000000,160.000000000000,[-75.91813667]
0.800000000000,1.500000000000,170.000000000000,[-75.90557293]
0.800000000000,1.500000000000,180.000000000000,[-75.90029985]
0.900000000000,0.800000000000,90.000000000000,[-76.04730325]
0.900000000000,0.800000000000,100.000000000000,[-76.06008568]
0.900000000000,0.800000000000,110.000000000000,[-76.06646681]
0.900000000000,0.800000000000,120.000000000000,[-76.06727083]
0.900000000000,0.800000000000,130.000000000000,[-76.06365261]
0.900000000000,0.800000000000,140.000000000000,[-76.05708122]
0.900000000000,0.800000000000,150.000000000000,[-76.04926131]
0.900000000000,0.800000000000,160.000000000000,[-76.04197883]
0.900000000000,0.800000000000,170.000000000000,[-76.03684729]
0.900000000000,0.800000000000,180.000000000000,[-76.03500059]
0.900000000000,0.900000000000,90.000000000000,[-76.08681449]
0.900000000000,0.900000000000,100.000000000000,[-76.0978405]
0.900000000000,0.900000000000,110.000000000000,[-76.10262572]
0.900000000000,0.900000000000,120.000000000000,[-76.10196117]
0.900000000000,0.900000000000,130.000000000000,[-76.09698793]
0.900000000000,0.900000000000,140.000000000000,[-76.08917367]
0.900000000000,0.900000000000,150.000000000000,[-76.08024927]
0.900000000000,0.900000000000,160.000000000000,[-76.07206715]
0.900000000000,0.900000000000,170.000000000000,[-76.06633656]
0.900000000000,0.900000000000,180.000000000000,[-76.06427838]
0.900000000000,1.000000000000,90.000000000000,[-76.09539163]
0.900000000000,1.000000000000,100.000000000000,[-76.10450205]
0.900000000000,1.000000000000,110.000000000000,[-76.10758766]
0.900000000000,1.000000000000,120.000000000000,[-76.10541431]
0.900000000000,1.000000000000,130.000000000000,[-76.09908601]
0.900000000000,1.000000000000,140.000000000000,[-76.09003118]
0.900000000000,1.000000000000,150.000000000000,[-76.07997352]
0.900000000000,1.000000000000,160.000000000000,[-76.07082491]
0.900000000000,1.000000000000,170.000000000000,[-76.06442121]
0.900000000000,1.000000000000,180.000000000000,[-76.06211898]
0.900000000000,1.100000000000,90.000000000000,[-76.08837054]
0.900000000000,1.100000000000,100.000000000000,[-76.09554293]
0.900000000000,1.100000000000,110.000000000000,[-76.09696355]
0.900000000000,1.100000000000,120.000000000000,[-76.09335943]
0.900000000000,1.100000000000,130.000000000000,[-76.08576057]
0.900000000000,1.100000000000,140.000000000000,[-76.07550888]
0.900000000000,1.100000000000,150.000000000000,[-76.06427987]
0.900000000000,1.100000000000,160.000000000000,[-76.05404156]
0.900000000000,1.100000000000,170.000000000000,[-76.04681956]
0.900000000000,1.100000000000,180.000000000000,[-76.04420779]
0.900000000000,1.200000000000,90.000000000000,[-76.07376504]
0.900000000000,1.200000000000,100.000000000000,[-76.07910403]
0.900000000000,1.200000000000,110.000000000000,[-76.07901336]
0.900000000000,1.200000000000,120.000000000000,[-76.07415672]
0.900000000000,1.200000000000,130.000000000000,[-76.06545119]
0.900000000000,1.200000000000,140.000000000000,[-76.05410167]
0.900000000000,1.200000000000,150.000000000000,[-76.04168105]
0.900000000000,1.200000000000,160.000000000000,[-76.0301932]
0.900000000000,1.200000000000,170.000000000000,[-76.02193385]
0.900000000000,1.200000000000,180.000000000000,[-76.01890687]
0.900000000000,1.300000000000,90.000000000000,[-76.05582825]
0.900000000000,1.300000000000,100.000000000000,[-76.05952821]
0.900000000000,1.300000000000,110.000000000000,[-76.05815686]
0.900000000000,1.300000000000,120.000000000000,[-76.0522924]
0.900000000000,1.300000000000,130.000000000000,[-76.04270942]
0.900000000000,1.300000000000,140.000000000000,[-76.03043041]
0.900000000000,1.300000000000,150.000000000000,[-76.01685435]
0.900000000000,1.300000000000,160.000000000000,[-76.00395221]
0.900000000000,1.300000000000,170.000000000000,[-75.99435056]
0.900000000000,1.300000000000,180.000000000000,[-75.99074179]
0.900000000000,1.400000000000,90.000000000000,[-76.03684543]
0.900000000000,1.400000000000,100.000000000000,[-76.03914643]
0.900000000000,1.400000000000,110.000000000000,[-76.03675805]
0.900000000000,1.400000000000,120.000000000000,[-76.03016165]
0.900000000000,1.400000000000,130.000000000000,[-76.0199767]
0.900000000000,1.400000000000,140.000000000000,[-76.00701378]
0.900000000000,1.400000000000,150.000000000000,[-75.99241953]
0.900000000000,1.400000000000,160.000000000000,[-75.97798853]
0.900000000000,1.400000000000,170.000000000000,[-75.9666347]
0.900000000000,1.400000000000,180.000000000000,[-75.96216625]
0.900000000000,1.500000000000,90.000000000000,[-76.01804457]
0.900000000000,1.500000000000,100.000000000000,[-76.01919709]
0.900000000000,1.500000000000,110.000000000000,[-76.01605536]
0.900000000000,1.500000000000,120.000000000000,[-76.00900543]
0.900000000000,1.500000000000,130.000000000000,[-75.998518]
0.900000000000,1.500000000000,140.000000000000,[-75.98518799]
0.900000000000,1.500000000000,150.000000000000,[-75.96985249]
0.900000000000,1.500000000000,160.000000000000,[-75.95392657]
0.900000000000,1.500000000000,170.000000000000,[-75.94031477]
0.900000000000,1.500000000000,180.000000000000,[-75.93448287]
1.000000000000,0.800000000000,90.000000000000,[-76.05583049]
1.000000000000,0.800000000000,100.000000000000,[-76.06644037]
1.000000000000,0.800000000000,110.000000000000,[-76.0709113]
1.000000000000,0.800000000000,120.000000000000,[-76.07003109]
1.000000000000,0.800000000000,130.000000000000,[-76.06492101]
1.000000000000,0.800000000000,140.000000000000,[-76.05702115]
1.000000000000,0.800000000000,150.000000000000,[-76.04803751]
1.000000000000,0.800000000000,160.000000000000,[-76.03980908]
1.000000000000,0.800000000000,170.000000000000,[-76.03404547]
1.000000000000,0.800000000000,180.000000000000,[-76.03197495]
1.000000000000,0.900000000000,90.000000000000,[-76.09539163]
1.000000000000,0.900000000000,100.000000000000,[-76.10450205]
1.000000000000,0.900000000000,110.000000000000,[-76.10758766]
1.000000000000,0.900000000000,120.000000000000,[-76.10541431]
1.000000000000,0.900000000000,130.000000000000,[-76.09908601]
1.000000000000,0.900000000000,140.000000000000,[-76.09003118]
1.000000000000,0.900000000000,150.000000000000,[-76.07997352]
1.000000000000,0.900000000000,160.000000000000,[-76.07082491]
1.000000000000,0.900000000000,170.000000000000,[-76.06442121]
1.000000000000,0.900000000000,180.000000000000,[-76.06211898]
1.000000000000,1.000000000000,90.000000000000,[-76.10400505]
1.000000000000,1.000000000000,100.000000000000,[-76.11144826]
1.000000000000,1.000000000000,110.000000000000,[-76.11305122]
1.000000000000,1.000000000000,120.000000000000,[-76.10955664]
1.000000000000,1.000000000000,130.000000000000,[-76.10202268]
1.000000000000,1.000000000000,140.000000000000,[-76.09182437]
1.000000000000,1.000000000000,150.000000000000,[-76.08066486]
1.000000000000,1.000000000000,160.000000000000,[-76.07051844]
1.000000000000,1.000000000000,170.000000000000,[-76.06338358]
1.000000000000,1.000000000000,180.000000000000,[-76.06080854]
1.000000000000,1.100000000000,90.000000000000,[-76.09705295]
1.000000000000,1.100000000000,100.000000000000,[-76.10279129]
1.000000000000,1.100000000000,110.000000000000,[-76.10294015]
1.000000000000,1.100000000000,120.000000000000,[-76.09820109]
1.000000000000,1.100000000000,130.000000000000,[-76.08954892]
1.000000000000,1.100000000000,140.000000000000,[-76.07825742]
1.000000000000,1.100000000000,150.000000000000,[-76.06596339]
1.000000000000,1.100000000000,160.000000000000,[-76.05469132]
1.000000000000,1.100000000000,170.000000000000,[-76.04666477]
1.000000000000,1.100000000000,180.000000000000,[-76.04374216]
1.000000000000,1.200000000000,90.000000000000,[-76.08256618]
1.000000000000,1.200000000000,100.000000000000,[-76.08668381]
1.000000000000,1.200000000000,110.000000000000,[-76.08551628]
1.000000000000,1.200000000000,120.000000000000,[-76.07969962]
1.000000000000,1.200000000000,130.000000000000,[-76.07008968]
1.000000000000,1.200000000000,140.000000000000,[-76.05781135]
1.000000000000,1.200000000000,150.000000000000,[-76.04437659]
1.000000000000,1.200000000000,160.000000000000,[-76.03182441]
1.000000000000,1.200000000000,170.000000000000,[-76.0226732]
1.000000000000,1.200000000000,180.000000000000,[-76.01928551]
1.000000000000,1.300000000000,90.000000000000,[-76.064793]
1.000000000000,1.300000000000,100.000000000000,[-76.0674606]
1.000000000000,1.300000000000,110.000000000000,[-76.06518525]
1.000000000000,1.300000000000,120.000000000000,[-76.05851802]
1.000000000000,1.300000000000,130.000000000000,[-76.04817161]
1.000000000000,1.300000000000,140.000000000000,[-76.03508245]
1.000000000000,1.300000000000,150.000000000000,[-76.02056636]
1.000000000000,1.300000000000,160.000000000000,[-76.00658927]
1.000000000000,1.300000000000,170.000000000000,[-75.9959975]
1.000000000000,1.300000000000,180.000000000000,[-75.99196097]
1.000000000000,1.400000000000,90.000000000000,[-76.04600315]
1.000000000000,1.400000000000,100.000000000000,[-76.04743615]
1.000000000000,1.400000000000,110.000000000000,[-76.04429216]
1.000000000000,1.400000000000,120.000000000000,[-76.03702924]
1.000000000000,1.400000000000,130.000000000000,[-76.02620968]
1.000000000000,1.400000000000,140.000000000000,[-76.01255967]
1.000000000000,1.400000000000,150.000000000000,[-75.99712743]
1.000000000000,1.400000000000,160.000000000000,[-75.98164971]
1.000000000000,1.400000000000,170.000000000000,[-75.96920694]
1.000000000000,1.400000000000,180.000000000000,[-75.96421776]
1.000000000000,1.500000000000,90.000000000000,[-76.02740814]
1.000000000000,1.500000000000,100.000000000000,[-76.0278331]
1.000000000000,1.500000000000,110.000000000000,[-76.02405987]
1.000000000000,1.500000000000,120.000000000000,[-76.01645748]
1.000000000000,1.500000000000,130.000000000000,[-76.00544794]
1.000000000000,1.500000000000,140.000000000000,[-75.99155051]
1.000000000000,1.500000000000,150.000000000000,[-75.97550153]
1.000000000000,1.500000000000,160.000000000000,[-75.95861238]
1.000000000000,1.500000000000,170.000000000000,[-75.94384016]
1.000000000000,1.500000000000,180.000000000000,[-75.93735665]
1.100000000000,0.800000000000,90.000000000000,[-76.04870431]
1.100000000000,0.800000000000,100.000000000000,[-76.05715369]
1.100000000000,0.800000000000,110.000000000000,[-76.05976506]
1.100000000000,0.800000000000,120.000000000000,[-76.05728334]
1.100000000000,0.800000000000,130.000000000000,[-76.05076349]
1.100000000000,0.800000000000,140.000000000000,[-76.04157317]
1.100000000000,0.800000000000,150.000000000000,[-76.03138484]
1.100000000000,0.800000000000,160.000000000000,[-76.02209363]
1.100000000000,0.800000000000,170.000000000000,[-76.01556631]
1.100000000000,0.800000000000,180.000000000000,[-76.01321385]
1.100000000000,0.900000000000,90.000000000000,[-76.08837054]
1.100000000000,0.900000000000,100.000000000000,[-76.09554293]
1.100000000000,0.900000000000,110.000000000000,[-76.09696355]
1.100000000000,0.900000000000,120.000000000000,[-76.09335943]
1.100000000000,0.900000000000,130.000000000000,[-76.08576057]
1.100000000000,0.900000000000,140.000000000000,[-76.07550888]
1.100000000000,0.900000000000,150.000000000000,[-76.06427987]
1.100000000000,0.900000000000,160.000000000000,[-76.05404156]
1.100000000000,0.900000000000,170.000000000000,[-76.04681956]
1.100000000000,0.900000000000,180.000000000000,[-76.04420779]
1.100000000000,1.000000000000,90.000000000000,[-76.09705295]
1.100000000000,1.000000000000,100.000000000000,[-76.10279129]
1.100000000000,1.000000000000,110.000000000000,[-76.10294015]
1.100000000000,1.000000000000,120.000000000000,[-76.09820109]
1.100000000000,1.000000000000,130.000000000000,[-76.08954892]
1.100000000000,1.000000000000,140.000000000000,[-76.07825742]
1.100000000000,1.000000000000,150.000000000000,[-76.06596339]
1.100000000000,1.000000000000,160.000000000000,[-76.05469132]
1.100000000000,1.000000000000,170.000000000000,[-76.04666477]
1.100000000000,1.000000000000,180.000000000000,[-76.04374216]
1.100000000000,1.100000000000,90.000000000000,[-76.09018506]
1.100000000000,1.100000000000,100.000000000000,[-76.09444913]
1.100000000000,1.100000000000,110.000000000000,[-76.0933537]
1.100000000000,1.100000000000,120.000000000000,[-76.08755577]
1.100000000000,1.100000000000,130.000000000000,[-76.0779403]
1.100000000000,1.100000000000,140.000000000000,[-76.06566781]
1.100000000000,1.100000000000,150.000000000000,[-76.05228725]
1.100000000000,1.100000000000,160.000000000000,[-76.03985522]
1.100000000000,1.100000000000,170.000000000000,[-76.03084928]
1.100000000000,1.100000000000,180.000000000000,[-76.02753034]
1.100000000000,1.200000000000,90.000000000000,[-76.07582139]
1.100000000000,1.200000000000,100.000000000000,[-76.07868149]
1.100000000000,1.200000000000,110.000000000000,[-76.07646463]
1.100000000000,1.200000000000,120.000000000000,[-76.06976201]
1.100000000000,1.200000000000,130.000000000000,[-76.05933872]
1.100000000000,1.200000000000,140.000000000000,[-76.0461999]
1.100000000000,1.200000000000,150.000000000000,[-76.03174727]
1.100000000000,1.200000000000,160.000000000000,[-76.01801664]
1.100000000000,1.200000000000,170.000000000000,[-76.00778915]
1.100000000000,1.200000000000,180.000000000000,[-76.00394354]
1.100000000000,1.300000000000,90.000000000000,[-76.0582112]
1.100000000000,1.300000000000,100.000000000000,[-76.05981683]
1.100000000000,1.300000000000,110.000000000000,[-76.05666412]
1.100000000000,1.300000000000,120.000000000000,[-76.04926367]
1.100000000000,1.300000000000,130.000000000000,[-76.03824282]
1.100000000000,1.300000000000,140.000000000000,[-76.02441958]
1.100000000000,1.300000000000,150.000000000000,[-76.00898152]
1.100000000000,1.300000000000,160.000000000000,[-75.99384023]
1.100000000000,1.300000000000,170.000000000000,[-75.98207459]
1.100000000000,1.300000000000,180.000000000000,[-75.97750151]
1.100000000000,1.400000000000,90.000000000000,[-76.03961301]
1.100000000000,1.400000000000,100.000000000000,[-76.04015526]
1.100000000000,1.400000000000,110.000000000000,[-76.03627966]
1.100000000000,1.400000000000,120.000000000000,[-76.02841238]
1.100000000000,1.400000000000,130.000000000000,[-76.01704091]
1.100000000000,1.400000000000,140.000000000000,[-76.00278228]
1.100000000000,1.400000000000,150.000000000000,[-75.98654969]
1.100000000000,1.400000000000,160.000000000000,[-75.96997145]
1.100000000000,1.400000000000,170.000000000000,[-75.95627466]
1.100000000000,1.400000000000,180.000000000000,[-75.95064781]
1.100000000000,1.500000000000,90.000000000000,[-76.02122446]
1.100000000000,1.500000000000,100.000000000000,[-76.02090541]
1.100000000000,1.500000000000,110.000000000000,[-76.01652038]
1.100000000000,1.500000000000,120.000000000000,[-76.00841774]
1.100000000000,1.500000000000,130.000000000000,[-75.996958]
1.100000000000,1.500000000000,140.000000000000,[-75.98256609]
1.100000000000,1.500000000000,150.000000000000,[-75.96585096]
1.100000000000,1.500000000000,160.000000000000,[-75.94798025]
1.100000000000,1.500000000000,170.000000000000,[-75.93192582]
1.100000000000,1.500000000000,180.000000000000,[-75.92467836]
1.200000000000,0.800000000000,90.000000000000,[-76.03393678]
1.200000000000,0.800000000000,100.000000000000,[-76.04036066]
1.200000000000,0.800000000000,110.000000000000,[-76.04128468]
1.200000000000,0.800000000000,120.000000000000,[-76.03738968]
1.200000000000,0.800000000000,130.000000000000,[-76.02962548]
1.200000000000,0.800000000000,140.000000000000,[-76.01923733]
1.200000000000,0.800000000000,150.000000000000,[-76.00781555]
1.200000000000,0.800000000000,160.000000000000,[-75.99730338]
1.200000000000,0.800000000000,170.000000000000,[-75.98980909]
1.200000000000,0.800000000000,180.000000000000,[-75.98707967]
1.200000000000,0.900000000000,90.000000000000,[-76.07376504]
1.200000000000,0.900000000000,100.000000000000,[-76.07910403]
1.200000000000,0.900000000000,110.000000000000,[-76.07901336]
1.200000000000,0.900000000000,120.000000000000,[-76.07415672]
1.200000000000,0.900000000000,130.000000000000,[-76.06545119]
1.200000000000,0.900000000000,140.000000000000,[-76.05410167]
1.200000000000,0.900000000000,150.000000000000,[-76.04168105]
1.200000000000,0.900000000000,160.000000000000,[-76.0301932]
1.200000000000,0.900000000000,170.000000000000,[-76.02193385]
1.200000000000,0.900000000000,180.000000000000,[-76.01890687]
1.200000000000,1.000000000000,90.000000000000,[-76.08256618]
1.200000000000,1.000000000000,100.000000000000,[-76.08668381]
1.200000000000,1.000000000000,110.000000000000,[-76.08551628]
1.200000000000,1.000000000000,120.000000000000,[-76.07969962]
1.200000000000,1.000000000000,130.000000000000,[-76.07008968]
1.200000000000,1.000000000000,140.000000000000,[-76.05781135]
1.200000000000,1.000000000000,150.000000000000,[-76.04437659]
1.200000000000,1.000000000000,160.000000000000,[-76.03182441]
1.200000000000,1.000000000000,170.000000000000,[-76.0226732]
1.200000000000,1.000000000000,180.000000000000,[-76.01928551]
1.200000000000,1.100000000000,90.000000000000,[-76.07582139]
1.200000000000,1.100000000000,100.000000000000,[-76.07868149]
1.200000000000,1.100000000000,110.000000000000,[-76.07646463]
1.200000000000,1.100000000000,120.000000000000,[-76.06976201]
1.200000000000,1.100000000000,130.000000000000,[-76.05933872]
1.200000000000,1.100000000000,140.000000000000,[-76.0461999]
1.200000000000,1.100000000000,150.000000000000,[-76.03174727]
1.200000000000,1.100000000000,160.000000000000,[-76.01801664]
1.200000000000,1.100000000000,170.000000000000,[-76.00778915]
1.200000000000,1.100000000000,180.000000000000,[-76.00394354]
1.200000000000,1.200000000000,90.000000000000,[-76.0616091]
1.200000000000,1.200000000000,100.000000000000,[-76.06327208]
1.200000000000,1.200000000000,110.000000000000,[-76.06011426]
1.200000000000,1.200000000000,120.000000000000,[-76.05266563]
1.200000000000,1.200000000000,130.000000000000,[-76.04157714]
1.200000000000,1.200000000000,140.000000000000,[-76.02769972]
1.200000000000,1.200000000000,150.000000000000,[-76.01226902]
1.200000000000,1.200000000000,160.000000000000,[-75.99724991]
1.200000000000,1.200000000000,170.000000000000,[-75.98570425]
1.200000000000,1.200000000000,180.000000000000,[-75.98125757]
1.200000000000,1.300000000000,90.000000000000,[-76.04418195]
1.200000000000,1.300000000000,100.000000000000,[-76.04477864]
1.200000000000,1.300000000000,110.000000000000,[-76.0408423]
1.200000000000,1.300000000000,120.000000000000,[-76.03283264]
1.200000000000,1.300000000000,130.000000000000,[-76.02127471]
1.200000000000,1.300000000000,140.000000000000,[-76.00684187]
1.200000000000,1.300000000000,150.000000000000,[-75.99054634]
1.200000000000,1.300000000000,160.000000000000,[-75.97417171]
1.200000000000,1.300000000000,170.000000000000,[-75.96100707]
1.200000000000,1.300000000000,180.000000000000,[-75.95574409]
1.200000000000,1.400000000000,90.000000000000,[-76.02579028]
1.200000000000,1.400000000000,100.000000000000,[-76.0254892]
1.200000000000,1.400000000000,110.000000000000,[-76.02096103]
1.200000000000,1.400000000000,120.000000000000,[-76.01259583]
1.200000000000,1.400000000000,130.000000000000,[-76.0007947]
1.200000000000,1.400000000000,140.000000000000,[-75.98604659]
1.200000000000,1.400000000000,150.000000000000,[-75.96909467]
1.200000000000,1.400000000000,160.000000000000,[-75.95139316]
1.200000000000,1.400000000000,170.000000000000,[-75.93625847]
1.200000000000,1.400000000000,180.000000000000,[-75.92983909]
1.200000000000,1.500000000000,90.000000000000,[-76.0076204]
1.200000000000,1.500000000000,100.000000000000,[-76.00660089]
1.200000000000,1.500000000000,110.000000000000,[-76.00166843]
1.200000000000,1.500000000000,120.000000000000,[-75.99315314]
1.200000000000,1.500000000000,130.000000000000,[-75.9813462]
1.200000000000,1.500000000000,140.000000000000,[-75.96656483]
1.200000000000,1.500000000000,150.000000000000,[-75.94926599]
1.200000000000,1.500000000000,160.000000000000,[-75.93042816]
1.200000000000,1.500000000000,170.000000000000,[-75.91297578]
1.200000000000,1.500000000000,180.000000000000,[-75.9048311]
1.300000000000,0.800000000000,90.000000000000,[-76.01579616]
1.300000000000,0.800000000000,100.000000000000,[-76.02041548]
1.300000000000,0.800000000000,110.000000000000,[-76.01990274]
1.300000000000,0.800000000000,120.000000000000,[-76.01485283]
1.300000000000,0.800000000000,130.000000000000,[-76.00607779]
1.300000000000,0.800000000000,140.000000000000,[-75.99465189]
1.300000000000,0.800000000000,150.000000000000,[-75.98201532]
1.300000000000,0.800000000000,160.000000000000,[-75.97010877]
1.300000000000,0.800000000000,170.000000000000,[-75.96135984]
1.300000000000,0.800000000000,180.000000000000,[-75.95810332]
1.300000000000,0.900000000000,90.000000000000,[-76.05582825]
1.300000000000,0.900000000000,100.000000000000,[-76.05952821]
1.300000000000,0.900000000000,110.000000000000,[-76.05815686]
1.300000000000,0.900000000000,120.000000000000,[-76.0522924]
1.300000000000,0.900000000000,130.000000000000,[-76.04270942]
1.300000000000,0.900000000000,140.000000000000,[-76.03043041]
1.300000000000,0.900000000000,150.000000000000,[-76.01685435]
1.300000000000,0.900000000000,160.000000000000,[-76.00395221]
1.300000000000,0.900000000000,170.000000000000,[-75.99435056]
1.300000000000,0.900000000000,180.000000000000,[-75.99074179]
1.300000000000,1.000000000000,90.000000000000,[-76.064793]
1.300000000000,1.000000000000,100.000000000000,[-76.0674606]
1.300000000000,1.000000000000,110.000000000000,[-76.06518525]
1.300000000000,1.000000000000,120.000000000000,[-76.05851802]
1.300000000000,1.000000000000,130.000000000000,[-76.04817161]
1.300000000000,1.000000000000,140.000000000000,[-76.03508245]
1.300000000000,1.000000000000,150.000000000000,[-76.02056636]
1.300000000000,1.000000000000,160.000000000000,[-76.00658927]
1.300000000000,1.000000000000,170.000000000000,[-75.9959975]
1.300000000000,1.000000000000,180.000000000000,[-75.99196097]
1.300000000000,1.100000000000,90.000000000000,[-76.0582112]
1.300000000000,1.100000000000,100.000000000000,[-76.05981683]
1.300000000000,1.100000000000,110.000000000000,[-76.05666412]
1.300000000000,1.100000000000,120.000000000000,[-76.04926367]
1.300000000000,1.100000000000,130.000000000000,[-76.03824282]
1.300000000000,1.100000000000,140.000000000000,[-76.02441958]
1.300000000000,1.100000000000,150.000000000000,[-76.00898152]
1.300000000000,1.100000000000,160.000000000000,[-75.99384023]
1.300000000000,1.100000000000,170.000000000000,[-75.98207459]
1.300000000000,1.100000000000,180.000000000000,[-75.97750151]
1.300000000000,1.200000000000,90.000000000000,[-76.04418195]
1.300000000000,1.200000000000,100.000000000000,[-76.04477864]
1.300000000000,1.200000000000,110.000000000000,[-76.0408423]
1.300000000000,1.200000000000,120.000000000000,[-76.03283264]
1.300000000000,1.200000000000,130.000000000000,[-76.02127471]
1.300000000000,1.200000000000,140.000000000000,[-76.00684187]
1.300000000000,1.200000000000,150.000000000000,[-75.99054634]
1.300000000000,1.200000000000,160.000000000000,[-75.97417171]
1.300000000000,1.200000000000,170.000000000000,[-75.96100707]
1.300000000000,1.200000000000,180.000000000000,[-75.95574409]
1.300000000000,1.300000000000,90.000000000000,[-76.0269615]
1.300000000000,1.300000000000,100.000000000000,[-76.02666407]
1.300000000000,1.300000000000,110.000000000000,[-76.02208396]
1.300000000000,1.300000000000,120.000000000000,[-76.01362691]
1.300000000000,1.300000000000,130.000000000000,[-76.00170898]
1.300000000000,1.300000000000,140.000000000000,[-75.98684318]
1.300000000000,1.300000000000,150.000000000000,[-75.96982266]
1.300000000000,1.300000000000,160.000000000000,[-75.95219998]
1.300000000000,1.300000000000,170.000000000000,[-75.93737543]
1.300000000000,1.300000000000,180.000000000000,[-75.93120062]
1.300000000000,1.400000000000,90.000000000000,[-76.0087937]
1.300000000000,1.400000000000,100.000000000000,[-76.00775133]
1.300000000000,1.400000000000,110.000000000000,[-76.00268869]
1.300000000000,1.400000000000,120.000000000000,[-75.99396323]
1.300000000000,1.400000000000,130.000000000000,[-75.9818866]
1.300000000000,1.400000000000,140.000000000000,[-75.96680998]
1.300000000000,1.400000000000,150.000000000000,[-75.94927614]
1.300000000000,1.400000000000,160.000000000000,[-75.93048502]
1.300000000000,1.400000000000,170.000000000000,[-75.91372084]
1.300000000000,1.400000000000,180.000000000000,[-75.90629794]
1.300000000000,1.500000000000,90.000000000000,[-75.99085538]
1.300000000000,1.500000000000,100.000000000000,[-75.98922847]
1.300000000000,1.500000000000,110.000000000000,[-75.9838462]
1.300000000000,1.500000000000,120.000000000000,[-75.97503105]
1.300000000000,1.500000000000,130.000000000000,[-75.9630045]
1.300000000000,1.500000000000,140.000000000000,[-75.94796908]
1.300000000000,1.500000000000,150.000000000000,[-75.93021074]
1.300000000000,1.500000000000,160.000000000000,[-75.91046797]
1.300000000000,1.500000000000,170.000000000000,[-75.89151903]
1.300000000000,1.500000000000,180.000000000000,[-75.8823137]
1.400000000000,0.800000000000,90.000000000000,[-75.99658855]
1.400000000000,0.800000000000,100.000000000000,[-75.99966685]
1.400000000000,0.800000000000,110.000000000000,[-75.99800147]
1.400000000000,0.800000000000,120.000000000000,[-75.99208865]
1.400000000000,0.800000000000,130.000000000000,[-75.98258556]
1.400000000000,0.800000000000,140.000000000000,[-75.97035964]
1.400000000000,0.800000000000,150.000000000000,[-75.95661972]
1.400000000000,0.800000000000,160.000000000000,[-75.94317772]
1.400000000000,0.800000000000,170.000000000000,[-75.93277759]
1.400000000000,0.800000000000,180.000000000000,[-75.9287427]
1.400000000000,0.900000000000,90.000000000000,[-76.03684543]
1.400000000000,0.900000000000,100.000000000000,[-76.03914643]
1.400000000000,0.900000000000,110.000000000000,[-76.03675805]
1.400000000000,0.900000000000,120.000000000000,[-76.03016165]
1.400000000000,0.900000000000,130.000000000000,[-76.0199767]
1.400000000000,0.900000000000,140.000000000000,[-76.00701378]
1.400000000000,0.900000000000,150.000000000000,[-75.99241953]
1.400000000000,0.900000000000,160.000000000000,[-75.97798853]
1.400000000000,0.900000000000,170.000000000000,[-75.9666347]
1.400000000000,0.900000000000,180.000000000000,[-75.96216625]
1.400000000000,1.000000000000,90.000000000000,[-76.04600315]
1.400000000000,1.000000000000,100.000000000000,[-76.04743615]
1.400000000000,1.000000000000,110.000000000000,[-76.04429216]
1.400000000000,1.000000000000,120.000000000000,[-76.03702924]
1.400000000000,1.000000000000,130.000000000000,[-76.02620968]
1.400000000000,1.000000000000,140.000000000000,[-76.01255967]
1.400000000000,1.000000000000,150.000000000000,[-75.99712743]
1.400000000000,1.000000000000,160.000000000000,[-75.98164971]
1.400000000000,1.000000000000,170.000000000000,[-75.96920694]
1.400000000000,1.000000000000,180.000000000000,[-75.96421776]
1.400000000000,1.100000000000,90.000000000000,[-76.03961301]
1.400000000000,1.100000000000,100.000000000000,[-76.04015526]
1.400000000000,1.100000000000,110.000000000000,[-76.03627966]
1.400000000000,1.100000000000,120.000000000000,[-76.02841238]
1.400000000000,1.100000000000,130.000000000000,[-76.01704091]
1.400000000000,1.100000000000,140.000000000000,[-76.00278228]
1.400000000000,1.100000000000,150.000000000000,[-75.98654969]
1.400000000000,1.100000000000,160.000000000000,[-75.96997145]
1.400000000000,1.100000000000,170.000000000000,[-75.95627466]
1.400000000000,1.100000000000,180.000000000000,[-75.95064781]
1.400000000000,1.200000000000,90.000000000000,[-76.02579028]
1.400000000000,1.200000000000,100.000000000000,[-76.0254892]
1.400000000000,1.200000000000,110.000000000000,[-76.02096103]
1.400000000000,1.200000000000,120.000000000000,[-76.01259583]
1.400000000000,1.200000000000,130.000000000000,[-76.0007947]
1.400000000000,1.200000000000,140.000000000000,[-75.98604659]
1.400000000000,1.200000000000,150.000000000000,[-75.96909467]
1.400000000000,1.200000000000,160.000000000000,[-75.95139316]
1.400000000000,1.200000000000,170.000000000000,[-75.93625847]
1.400000000000,1.200000000000,180.000000000000,[-75.92983909]
1.400000000000,1.300000000000,90.000000000000,[-76.0087937]
1.400000000000,1.300000000000,100.000000000000,[-76.00775133]
1.400000000000,1.300000000000,110.000000000000,[-76.00268869]
1.400000000000,1.300000000000,120.000000000000,[-75.99396323]
1.400000000000,1.300000000000,130.000000000000,[-75.9818866]
1.400000000000,1.300000000000,140.000000000000,[-75.96680998]
1.400000000000,1.300000000000,150.000000000000,[-75.94927614]
1.400000000000,1.300000000000,160.000000000000,[-75.93048502]
1.400000000000,1.300000000000,170.000000000000,[-75.91372084]
1.400000000000,1.300000000000,180.000000000000,[-75.90629794]
1.400000000000,1.400000000000,90.000000000000,[-75.99086112]
1.400000000000,1.400000000000,100.000000000000,[-75.98921204]
1.400000000000,1.400000000000,110.000000000000,[-75.98375203]
1.400000000000,1.400000000000,120.000000000000,[-75.97481811]
1.400000000000,1.400000000000,130.000000000000,[-75.96263852]
1.400000000000,1.400000000000,140.000000000000,[-75.94742743]
1.400000000000,1.400000000000,150.000000000000,[-75.92950863]
1.400000000000,1.400000000000,160.000000000000,[-75.90974159]
1.400000000000,1.400000000000,170.000000000000,[-75.89116681]
1.400000000000,1.400000000000,180.000000000000,[-75.88243967]
1.400000000000,1.500000000000,90.000000000000,[-75.97316085]
1.400000000000,1.500000000000,100.000000000000,[-75.9710518]
1.400000000000,1.500000000000,110.000000000000,[-75.96533397]
1.400000000000,1.500000000000,120.000000000000,[-75.95634291]
1.400000000000,1.500000000000,130.000000000000,[-75.94423742]
1.400000000000,1.500000000000,140.000000000000,[-75.92910628]
1.400000000000,1.500000000000,150.000000000000,[-75.91105276]
1.400000000000,1.500000000000,160.000000000000,[-75.89052419]
1.400000000000,1.500000000000,170.000000000000,[-75.87000772]
1.400000000000,1.500000000000,180.000000000000,[-75.85952891]
1.500000000000,0.800000000000,90.000000000000,[-75.97756034]
1.500000000000,0.800000000000,100.000000000000,[-75.97936901]
1.500000000000,0.800000000000,110.000000000000,[-75.9768347]
1.500000000000,0.800000000000,120.000000000000,[-75.97035498]
1.500000000000,0.800000000000,130.000000000000,[-75.96043443]
1.500000000000,0.800000000000,140.000000000000,[-75.94772252]
1.500000000000,0.800000000000,150.000000000000,[-75.93312897]
1.500000000000,0.800000000000,160.000000000000,[-75.91813667]
1.500000000000,0.800000000000,170.000000000000,[-75.90557293]
1.500000000000,0.800000000000,180.000000000000,[-75.90029985]
1.500000000000,0.900000000000,90.000000000000,[-76.01804457]
1.500000000000,0.900000000000,100.000000000000,[-76.01919709]
1.500000000000,0.900000000000,110.000000000000,[-76.01605536]
1.500000000000,0.900000000000,120.000000000000,[-76.00900543]
1.500000000000,0.900000000000,130.000000000000,[-75.998518]
1.500000000000,0.900000000000,140.000000000000,[-75.98518799]
1.500000000000,0.900000000000,150.000000000000,[-75.96985249]
1.500000000000,0.900000000000,160.000000000000,[-75.95392657]
1.500000000000,0.900000000000,170.000000000000,[-75.94031477]
1.500000000000,0.900000000000,180.000000000000,[-75.93448287]
1.500000000000,1.000000000000,90.000000000000,[-76.02740814]
1.500000000000,1.000000000000,100.000000000000,[-76.0278331]
1.500000000000,1.000000000000,110.000000000000,[-76.02405987]
1.500000000000,1.000000000000,120.000000000000,[-76.01645748]
1.500000000000,1.000000000000,130.000000000000,[-76.00544794]
1.500000000000,1.000000000000,140.000000000000,[-75.99155051]
1.500000000000,1.000000000000,150.000000000000,[-75.97550153]
1.500000000000,1.000000000000,160.000000000000,[-75.95861238]
1.500000000000,1.000000000000,170.000000000000,[-75.94384016]
1.500000000000,1.000000000000,180.000000000000,[-75.93735665]
1.500000000000,1.100000000000,90.000000000000,[-76.02122446]
1.500000000000,1.100000000000,100.000000000000,[-76.02090541]
1.500000000000,1.100000000000,110.000000000000,[-76.01652038]
1.500000000000,1.100000000000,120.000000000000,[-76.00841774]
1.500000000000,1.100000000000,130.000000000000,[-75.996958]
1.500000000000,1.100000000000,140.000000000000,[-75.98256609]
1.500000000000,1.100000000000,150.000000000000,[-75.96585096]
1.500000000000,1.100000000000,160.000000000000,[-75.94798025]
1.500000000000,1.100000000000,170.000000000000,[-75.93192582]
1.500000000000,1.100000000000,180.000000000000,[-75.92467836]
1.500000000000,1.200000000000,90.000000000000,[-76.0076204]
1.500000000000,1.200000000000,100.000000000000,[-76.00660089]
1.500000000000,1.200000000000,110.000000000000,[-76.00166843]
1.500000000000,1.200000000000,120.000000000000,[-75.99315314]
1.500000000000,1.200000000000,130.000000000000,[-75.9813462]
1.500000000000,1.200000000000,140.000000000000,[-75.96656483]
1.500000000000,1.200000000000,150.000000000000,[-75.94926599]
1.500000000000,1.200000000000,160.000000000000,[-75.93042816]
1.500000000000,1.200000000000,170.000000000000,[-75.91297578]
1.500000000000,1.200000000000,180.000000000000,[-75.9048311]
1.500000000000,1.300000000000,90.000000000000,[-75.99085538]
1.500000000000,1.300000000000,100.000000000000,[-75.98922847]
1.500000000000,1.300000000000,110.000000000000,[-75.9838462]
1.500000000000,1.300000000000,120.000000000000,[-75.97503105]
1.500000000000,1.300000000000,130.000000000000,[-75.9630045]
1.500000000000,1.300000000000,140.000000000000,[-75.94796908]
1.500000000000,1.300000000000,150.000000000000,[-75.93021074]
1.500000000000,1.300000000000,160.000000000000,[-75.91046797]
1.500000000000,1.300000000000,170.000000000000,[-75.89151903]
1.500000000000,1.300000000000,180.000000000000,[-75.8823137]
1.500000000000,1.400000000000,90.000000000000,[-75.97316085]
1.500000000000,1.400000000000,100.000000000000,[-75.9710518]
1.500000000000,1.400000000000,110.000000000000,[-75.96533397]
1.500000000000,1.400000000000,120.000000000000,[-75.95634291]
1.500000000000,1.400000000000,130.000000000000,[-75.94423742]
1.500000000000,1.400000000000,140.000000000000,[-75.92910628]
1.500000000000,1.400000000000,150.000000000000,[-75.91105276]
1.500000000000,1.400000000000,160.000000000000,[-75.89052419]
1.500000000000,1.400000000000,170.000000000000,[-75.87000772]
1.500000000000,1.400000000000,180.000000000000,[-75.85952891]
1.500000000000,1.500000000000,90.000000000000,[-75.95569532]
1.500000000000,1.500000000000,100.000000000000,[-75.95324531]
1.500000000000,1.500000000000,110.000000000000,[-75.94730926]
1.500000000000,1.500000000000,120.000000000000,[-75.93826528]
1.500000000000,1.500000000000,130.000000000000,[-75.92622334]
1.500000000000,1.500000000000,140.000000000000,[-75.9111669]
1.500000000000,1.500000000000,150.000000000000,[-75.89301534]
1.500000000000,1.500000000000,160.000000000000,[-75.87188229]
1.500000000000,1.500000000000,170.000000000000,[-75.8497719]
1.500000000000,1.500000000000,180.000000000000,[-75.83772601]
