r1	r2	a1	E	grad_SD
0.700000000000	0.700000000000	90.000000000000	-75.702687193364	0.468168839949
0.700000000000	0.700000000000	100.000000000000	-75.721688494522	0.448692433767
0.700000000000	0.700000000000	110.000000000000	-75.733130484733	0.430417234042
0.700000000000	0.700000000000	120.000000000000	-75.738333603508	0.412302425770
0.700000000000	0.700000000000	130.000000000000	-75.738727257736	0.393794120448
0.700000000000	0.700000000000	140.000000000000	-75.735882711494	0.375007821473
0.700000000000	0.700000000000	150.000000000000	-75.731435703443	0.356908654646
0.700000000000	0.700000000000	160.000000000000	-75.726937807675	0.341325913908
0.700000000000	0.700000000000	170.000000000000	-75.723672765547	0.330592465310
0.700000000000	0.700000000000	180.000000000000	-75.722486205895	0.326742325072
0.700000000000	0.800000000000	90.000000000000	-75.797861062144	0.359150058978
0.700000000000	0.800000000000	100.000000000000	-75.814786168905	0.349401221721
0.700000000000	0.800000000000	110.000000000000	-75.824494007127	0.341047185588
0.700000000000	0.800000000000	120.000000000000	-75.828157282443	0.332997847136
0.700000000000	0.800000000000	130.000000000000	-75.827147706764	0.324522438944
0.700000000000	0.800000000000	140.000000000000	-75.823038754655	0.315396491386
0.700000000000	0.800000000000	150.000000000000	-75.817509210514	0.306060291290
0.700000000000	0.800000000000	160.000000000000	-75.812174722432	0.297641072549
0.700000000000	0.800000000000	170.000000000000	-75.808380590997	0.291672637262
0.700000000000	0.800000000000	180.000000000000	-75.807013129362	0.289503569819
0.700000000000	0.900000000000	90.000000000000	-75.832672092755	0.340570887594
0.700000000000	0.900000000000	100.000000000000	-75.847382049808	0.339202750362
0.700000000000	0.900000000000	110.000000000000	-75.855195969647	0.338951166451
0.700000000000	0.900000000000	120.000000000000	-75.857181360503	0.338796109321
0.700000000000	0.900000000000	130.000000000000	-75.854669730329	0.337995588737
0.700000000000	0.900000000000	140.000000000000	-75.849234481575	0.336185674388
0.700000000000	0.900000000000	150.000000000000	-75.842586780250	0.333490041605
0.700000000000	0.900000000000	160.000000000000	-75.836396321942	0.330528207533
0.700000000000	0.900000000000	170.000000000000	-75.832063652802	0.328208061148
0.700000000000	0.900000000000	180.000000000000	-75.830512478501	0.327329342984
0.700000000000	1.000000000000	90.000000000000	-75.836683232382	0.343916901626
0.700000000000	1.000000000000	100.000000000000	-75.849126098115	0.347172983373
0.700000000000	1.000000000000	110.000000000000	-75.854988003806	0.351141891704
0.700000000000	1.000000000000	120.000000000000	-75.855259766429	0.354924328518
0.700000000000	1.000000000000	130.000000000000	-75.851229477498	0.357851560550
0.700000000000	1.000000000000	140.000000000000	-75.844451904133	0.359551452197
0.700000000000	1.000000000000	150.000000000000	-75.836654497252	0.360027262506
0.700000000000	1.000000000000	160.000000000000	-75.829561152043	0.359665218163
0.700000000000	1.000000000000	170.000000000000	-75.824645809136	0.359078049992
0.700000000000	1.000000000000	180.000000000000	-75.822892740729	0.358810855731
0.700000000000	1.100000000000	90.000000000000	-75.825177469061	0.349315258840
0.700000000000	1.100000000000	100.000000000000	-75.835405737190	0.354775804209
0.700000000000	1.100000000000	110.000000000000	-75.839378344631	0.360647338969
0.700000000000	1.100000000000	120.000000000000	-75.838014595938	0.366152940846
0.700000000000	1.100000000000	130.000000000000	-75.832536986901	0.370715979165
0.700000000000	1.100000000000	140.000000000000	-75.824450420537	0.373999732949
0.700000000000	1.100000000000	150.000000000000	-75.815478044857	0.375961686121
0.700000000000	1.100000000000	160.000000000000	-75.807407403169	0.376859659455
0.700000000000	1.100000000000	170.000000000000	-75.801828991471	0.377132116198
0.700000000000	1.100000000000	180.000000000000	-75.799839525208	0.377171788783
0.700000000000	1.200000000000	90.000000000000	-75.806101465232	0.353261508930
0.700000000000	1.200000000000	100.000000000000	-75.814265925352	0.359634643709
0.700000000000	1.200000000000	110.000000000000	-75.816517410985	0.366216977531
0.700000000000	1.200000000000	120.000000000000	-75.813693005237	0.372338776854
0.700000000000	1.200000000000	130.000000000000	-75.806918920085	0.377509347462
0.700000000000	1.200000000000	140.000000000000	-75.797611877061	0.381438062882
0.700000000000	1.200000000000	150.000000000000	-75.787461631552	0.384069232302
0.700000000000	1.200000000000	160.000000000000	-75.778326796529	0.385583460987
0.700000000000	1.200000000000	170.000000000000	-75.771975162253	0.386301325398
0.700000000000	1.200000000000	180.000000000000	-75.769699383863	0.386504943940
0.700000000000	1.300000000000	90.000000000000	-75.783642931607	0.355762864767
0.700000000000	1.300000000000	100.000000000000	-75.789961521989	0.362371713120
0.700000000000	1.300000000000	110.000000000000	-75.790726159200	0.369057491650
0.700000000000	1.300000000000	120.000000000000	-75.786677675108	0.375236616117
0.700000000000	1.300000000000	130.000000000000	-75.778818319099	0.380488392389
0.700000000000	1.300000000000	140.000000000000	-75.768437411401	0.384566841766
0.700000000000	1.300000000000	150.000000000000	-75.757148295575	0.387424083312
0.700000000000	1.300000000000	160.000000000000	-75.746866861701	0.389204979511
0.700000000000	1.300000000000	170.000000000000	-75.739602422272	0.390152621505
0.700000000000	1.300000000000	180.000000000000	-75.736970677386	0.390449905780
0.700000000000	1.400000000000	90.000000000000	-75.760030810178	0.357287115273
0.700000000000	1.400000000000	100.000000000000	-75.764751744672	0.363784713128
0.700000000000	1.400000000000	110.000000000000	-75.764288896228	0.370272102084
0.700000000000	1.400000000000	120.000000000000	-75.759278799165	0.376230310829
0.700000000000	1.400000000000	130.000000000000	-75.750583247612	0.381290156267
0.700000000000	1.400000000000	140.000000000000	-75.739331629037	0.385243200724
0.700000000000	1.400000000000	150.000000000000	-75.727004493291	0.388064195752
0.700000000000	1.400000000000	160.000000000000	-75.715518829899	0.389905403986
0.700000000000	1.400000000000	170.000000000000	-75.707164144357	0.390978610528
0.700000000000	1.400000000000	180.000000000000	-75.704072323822	0.391348769462
0.800000000000	0.700000000000	90.000000000000	-75.797861062123	0.359150059640
0.800000000000	0.700000000000	100.000000000000	-75.814786168910	0.349401224367
0.800000000000	0.700000000000	110.000000000000	-75.824494007163	0.341047184257
0.800000000000	0.700000000000	120.000000000000	-75.828157282372	0.332997848024
0.800000000000	0.700000000000	130.000000000000	-75.827147706778	0.324522438690
0.800000000000	0.700000000000	140.000000000000	-75.823038754687	0.315396491093
0.800000000000	0.700000000000	150.000000000000	-75.817509210448	0.306060290942
0.800000000000	0.700000000000	160.000000000000	-75.812174722514	0.297641071704
0.800000000000	0.700000000000	170.000000000000	-75.808380590999	0.291672633970
0.800000000000	0.700000000000	180.000000000000	-75.807013129369	0.289503569610
0.800000000000	0.800000000000	90.000000000000	-75.892946465962	0.186149675385
0.800000000000	0.800000000000	100.000000000000	-75.908213900941	0.177278827364
0.800000000000	0.800000000000	110.000000000000	-75.916475292009	0.170181502150
0.800000000000	0.800000000000	120.000000000000	-75.918799361686	0.163676145484
0.800000000000	0.800000000000	130.000000000000	-75.916528517961	0.156719725367
0.800000000000	0.800000000000	140.000000000000	-75.911254640293	0.148644108148
0.800000000000	0.800000000000	150.000000000000	-75.904708416697	0.139520313652
0.800000000000	0.800000000000	160.000000000000	-75.898576204333	0.130459390670
0.800000000000	0.800000000000	170.000000000000	-75.894271896448	0.123519558518
0.800000000000	0.800000000000	180.000000000000	-75.892728930265	0.120883716477
0.800000000000	0.900000000000	90.000000000000	-75.927676403429	0.138275996488
0.800000000000	0.900000000000	100.000000000000	-75.941069611486	0.134741521329
0.800000000000	0.900000000000	110.000000000000	-75.947682528089	0.133135998164
0.800000000000	0.900000000000	120.000000000000	-75.948515158778	0.132365780446
0.800000000000	0.900000000000	130.000000000000	-75.944888854137	0.131352318487
0.800000000000	0.900000000000	140.000000000000	-75.938401891912	0.129282165389
0.800000000000	0.900000000000	150.000000000000	-75.930818108804	0.125940879778
0.800000000000	0.900000000000	160.000000000000	-75.923879676831	0.121945540913
0.800000000000	0.900000000000	170.000000000000	-75.919061557281	0.118609886968
0.800000000000	0.900000000000	180.000000000000	-75.917341972452	0.117302256236
0.800000000000	1.000000000000	90.000000000000	-75.931667478014	0.139895481155
0.800000000000	1.000000000000	100.000000000000	-75.943062805012	0.141200247901
0.800000000000	1.000000000000	110.000000000000	-75.947931619126	0.143883362691
0.800000000000	1.000000000000	120.000000000000	-75.947224141365	0.147069485072
0.800000000000	1.000000000000	130.000000000000	-75.942227525725	0.149901598782
0.800000000000	1.000000000000	140.000000000000	-75.934519127400	0.151703574788
0.800000000000	1.000000000000	150.000000000000	-75.925873206191	0.152200959438
0.800000000000	1.000000000000	160.000000000000	-75.918084677666	0.151672208862
0.800000000000	1.000000000000	170.000000000000	-75.912708502246	0.150840564944
0.800000000000	1.000000000000	180.000000000000	-75.910793606730	0.150458049671
0.800000000000	1.100000000000	90.000000000000	-75.920213901930	0.147764634193
0.800000000000	1.100000000000	100.000000000000	-75.929604652145	0.151458590353
0.800000000000	1.100000000000	110.000000000000	-75.932760609647	0.156038927837
0.800000000000	1.100000000000	120.000000000000	-75.930577539057	0.160834720341
0.800000000000	1.100000000000	130.000000000000	-75.924278412244	0.165191487628
0.800000000000	1.100000000000	140.000000000000	-75.915382510953	0.168564618569
0.800000000000	1.100000000000	150.000000000000	-75.905649115639	0.170671024575
0.800000000000	1.100000000000	160.000000000000	-75.896932681668	0.171616517711
0.800000000000	1.100000000000	170.000000000000	-75.890912876687	0.171845277388
0.800000000000	1.100000000000	180.000000000000	-75.888765646713	0.171851264935
0.800000000000	1.200000000000	90.000000000000	-75.901248971563	0.152896528551
0.800000000000	1.200000000000	100.000000000000	-75.908740148350	0.157650653545
0.800000000000	1.200000000000	110.000000000000	-75.910324868081	0.162974892761
0.800000000000	1.200000000000	120.000000000000	-75.906825705785	0.168342727576
0.800000000000	1.200000000000	130.000000000000	-75.899366406472	0.173247625175
0.800000000000	1.200000000000	140.000000000000	-75.889367333001	0.177249582616
0.800000000000	1.200000000000	150.000000000000	-75.878540453448	0.180077277859
0.800000000000	1.200000000000	160.000000000000	-75.868803443075	0.181735954765
0.800000000000	1.200000000000	170.000000000000	-75.862021845443	0.182498911911
0.800000000000	1.200000000000	180.000000000000	-75.859588348903	0.182704004420
0.800000000000	1.300000000000	90.000000000000	-75.878936744039	0.155337571193
0.800000000000	1.300000000000	100.000000000000	-75.884711632683	0.160501002519
0.800000000000	1.300000000000	110.000000000000	-75.884936115516	0.166026240122
0.800000000000	1.300000000000	120.000000000000	-75.880340242287	0.171485269847
0.800000000000	1.300000000000	130.000000000000	-75.871919706642	0.176478700403
0.800000000000	1.300000000000	140.000000000000	-75.860957397001	0.180653518115
0.800000000000	1.300000000000	150.000000000000	-75.849073550692	0.183769659998
0.800000000000	1.300000000000	160.000000000000	-75.838229585511	0.185783446135
0.800000000000	1.300000000000	170.000000000000	-75.830537921140	0.186851649228
0.800000000000	1.300000000000	180.000000000000	-75.827743147365	0.187179546789
0.800000000000	1.400000000000	90.000000000000	-75.855482898065	0.156141151238
0.800000000000	1.400000000000	100.000000000000	-75.859763122783	0.161382947705
0.800000000000	1.400000000000	110.000000000000	-75.858865734616	0.166841418787
0.800000000000	1.400000000000	120.000000000000	-75.853417265521	0.172152854915
0.800000000000	1.400000000000	130.000000000000	-75.844269760246	0.176993144824
0.800000000000	1.400000000000	140.000000000000	-75.832539165505	0.181081706345
0.800000000000	1.400000000000	150.000000000000	-75.819699018596	0.184227813773
0.800000000000	1.400000000000	160.000000000000	-75.807692059174	0.186392198506
0.800000000000	1.400000000000	170.000000000000	-75.798906103051	0.187667037538
0.800000000000	1.400000000000	180.000000000000	-75.795639010146	0.188101213744
0.900000000000	0.700000000000	90.000000000000	-75.832672092742	0.340570887094
0.900000000000	0.700000000000	100.000000000000	-75.847382049819	0.339202750967
0.900000000000	0.700000000000	110.000000000000	-75.855195969717	0.338951164851
0.900000000000	0.700000000000	120.000000000000	-75.857181360443	0.338796110330
0.900000000000	0.700000000000	130.000000000000	-75.854669730343	0.337995589600
0.900000000000	0.700000000000	140.000000000000	-75.849234481578	0.336185674370
0.900000000000	0.700000000000	150.000000000000	-75.842586780177	0.333490041923
0.900000000000	0.700000000000	160.000000000000	-75.836396321992	0.330528208128
0.900000000000	0.700000000000	170.000000000000	-75.832063652809	0.328208061211
0.900000000000	0.700000000000	180.000000000000	-75.830512478498	0.327329342434
0.900000000000	0.800000000000	90.000000000000	-75.927676403420	0.138275995592
0.900000000000	0.800000000000	100.000000000000	-75.941069611467	0.134741521139
0.900000000000	0.800000000000	110.000000000000	-75.947682528078	0.133135996259
0.900000000000	0.800000000000	120.000000000000	-75.948515158759	0.132365780478
0.900000000000	0.800000000000	130.000000000000	-75.944888854137	0.131352316865
0.900000000000	0.800000000000	140.000000000000	-75.938401891947	0.129282165156
0.900000000000	0.800000000000	150.000000000000	-75.930818108796	0.125940880821
0.900000000000	0.800000000000	160.000000000000	-75.923879676831	0.121945539113
0.900000000000	0.800000000000	170.000000000000	-75.919061557279	0.118609886166
0.900000000000	0.800000000000	180.000000000000	-75.917341972456	0.117302256622
0.900000000000	0.900000000000	90.000000000000	-75.962242022598	0.048598514050
0.900000000000	0.900000000000	100.000000000000	-75.974068806849	0.041469900643
0.900000000000	0.900000000000	110.000000000000	-75.979275559493	0.038262648338
0.900000000000	0.900000000000	120.000000000000	-75.978819591357	0.038258576125
0.900000000000	0.900000000000	130.000000000000	-75.974009064181	0.039180230281
0.900000000000	0.900000000000	140.000000000000	-75.966445454565	0.038633763862
0.900000000000	0.900000000000	150.000000000000	-75.957919841219	0.035152511964
0.900000000000	0.900000000000	160.000000000000	-75.950230108469	0.028610920804
0.900000000000	0.900000000000	170.000000000000	-75.944921778232	0.020728698999
0.900000000000	0.900000000000	180.000000000000	-75.943031310540	0.016480793769
0.900000000000	1.000000000000	90.000000000000	-75.966069297434	0.045724579881
0.900000000000	1.000000000000	100.000000000000	-75.976170080993	0.042314114251
0.900000000000	1.000000000000	110.000000000000	-75.979865559895	0.042166777140
0.900000000000	1.000000000000	120.000000000000	-75.978077579250	0.044761711578
0.900000000000	1.000000000000	130.000000000000	-75.972078961069	0.048404406708
0.900000000000	1.000000000000	140.000000000000	-75.963440619303	0.051339678616
0.900000000000	1.000000000000	150.000000000000	-75.953953719567	0.052521857585
0.900000000000	1.000000000000	160.000000000000	-75.945467500142	0.051955283984
0.900000000000	1.000000000000	170.000000000000	-75.939620155843	0.050657586932
0.900000000000	1.000000000000	180.000000000000	-75.937537716749	0.050007206392
0.900000000000	1.100000000000	90.000000000000	-75.954497845434	0.061996800916
0.900000000000	1.100000000000	100.000000000000	-75.962830915719	0.061608575337
0.900000000000	1.100000000000	110.000000000000	-75.965029631656	0.062974509148
0.900000000000	1.100000000000	120.000000000000	-75.961966851845	0.065919420327
0.900000000000	1.100000000000	130.000000000000	-75.954845584741	0.069653539144
0.900000000000	1.100000000000	140.000000000000	-75.945166603949	0.073152099850
0.900000000000	1.100000000000	150.000000000000	-75.934692985096	0.075601818054
0.900000000000	1.100000000000	160.000000000000	-75.925329419985	0.076754998604
0.900000000000	1.100000000000	170.000000000000	-75.918852304387	0.076999123636
0.900000000000	1.100000000000	180.000000000000	-75.916538219727	0.076977603386
0.900000000000	1.200000000000	90.000000000000	-75.935474981579	0.070591678520
0.900000000000	1.200000000000	100.000000000000	-75.942111825901	0.071344931158
0.900000000000	1.200000000000	110.000000000000	-75.942932312327	0.073235528057
0.900000000000	1.200000000000	120.000000000000	-75.938736770381	0.076271909037
0.900000000000	1.200000000000	130.000000000000	-75.930623121078	0.080003186869
0.900000000000	1.200000000000	140.000000000000	-75.919982299201	0.083705590366
0.900000000000	1.200000000000	150.000000000000	-75.908515496251	0.086676285032
0.900000000000	1.200000000000	160.000000000000	-75.898181214509	0.088540815238
0.900000000000	1.200000000000	170.000000000000	-75.890952159531	0.089400614791
0.900000000000	1.200000000000	180.000000000000	-75.888349784857	0.089622001424
0.900000000000	1.300000000000	90.000000000000	-75.913157399238	0.073515147985
0.900000000000	1.300000000000	100.000000000000	-75.918249563311	0.074803673253
0.900000000000	1.300000000000	110.000000000000	-75.917875916696	0.076899722609
0.900000000000	1.300000000000	120.000000000000	-75.912743297230	0.079903621210
0.900000000000	1.300000000000	130.000000000000	-75.903818137331	0.083545186899
0.900000000000	1.300000000000	140.000000000000	-75.892346817879	0.087282478178
0.900000000000	1.300000000000	150.000000000000	-75.879924856367	0.090502170065
0.900000000000	1.300000000000	160.000000000000	-75.868537899373	0.092769484535
0.900000000000	1.300000000000	170.000000000000	-75.860407224473	0.094003449462
0.900000000000	1.300000000000	180.000000000000	-75.857438653254	0.094377426183
0.900000000000	1.400000000000	90.000000000000	-75.889734075447	0.073360516164
0.900000000000	1.400000000000	100.000000000000	-75.893473742281	0.074928924847
0.900000000000	1.400000000000	110.000000000000	-75.892116512406	0.077090117131
0.900000000000	1.400000000000	120.000000000000	-75.886264765809	0.079985961684
0.900000000000	1.400000000000	130.000000000000	-75.876741034124	0.083456007362
0.900000000000	1.400000000000	140.000000000000	-75.864622897288	0.087091364921
0.900000000000	1.400000000000	150.000000000000	-75.851349134292	0.090375450556
0.900000000000	1.400000000000	160.000000000000	-75.838864596800	0.092876353030
0.900000000000	1.400000000000	170.000000000000	-75.829651783982	0.094397268588
0.900000000000	1.400000000000	180.000000000000	-75.826202979993	0.094908801878
1.000000000000	0.700000000000	90.000000000000	-75.836683232374	0.343916901259
1.000000000000	0.700000000000	100.000000000000	-75.849126098089	0.347172982521
1.000000000000	0.700000000000	110.000000000000	-75.854988003844	0.351141891820
1.000000000000	0.700000000000	120.000000000000	-75.855259766364	0.354924330409
1.000000000000	0.700000000000	130.000000000000	-75.851229477543	0.357851559386
1.000000000000	0.700000000000	140.000000000000	-75.844451904182	0.359551451489
1.000000000000	0.700000000000	150.000000000000	-75.836654497201	0.360027262431
1.000000000000	0.700000000000	160.000000000000	-75.829561152124	0.359665217194
1.000000000000	0.700000000000	170.000000000000	-75.824645809112	0.359078050250
1.000000000000	0.700000000000	180.000000000000	-75.822892740715	0.358810855365
1.000000000000	0.800000000000	90.000000000000	-75.931667478006	0.139895481427
1.000000000000	0.800000000000	100.000000000000	-75.943062804992	0.141200248713
1.000000000000	0.800000000000	110.000000000000	-75.947931619094	0.143883362909
1.000000000000	0.800000000000	120.000000000000	-75.947224141377	0.147069485624
1.000000000000	0.800000000000	130.000000000000	-75.942227525700	0.149901598671
1.000000000000	0.800000000000	140.000000000000	-75.934519127394	0.151703575809
1.000000000000	0.800000000000	150.000000000000	-75.925873206181	0.152200958947
1.000000000000	0.800000000000	160.000000000000	-75.918084677667	0.151672209459
1.000000000000	0.800000000000	170.000000000000	-75.912708502213	0.150840564921
1.000000000000	0.800000000000	180.000000000000	-75.910793606720	0.150458049811
1.000000000000	0.900000000000	90.000000000000	-75.966069297426	0.045724580005
1.000000000000	0.900000000000	100.000000000000	-75.976170081014	0.042314114437
1.000000000000	0.900000000000	110.000000000000	-75.979865559892	0.042166777831
1.000000000000	0.900000000000	120.000000000000	-75.978077579269	0.044761712031
1.000000000000	0.900000000000	130.000000000000	-75.972078961056	0.048404407633
1.000000000000	0.900000000000	140.000000000000	-75.963440619272	0.051339680337
1.000000000000	0.900000000000	150.000000000000	-75.953953719612	0.052521856991
1.000000000000	0.900000000000	160.000000000000	-75.945467500134	0.051955283737
1.000000000000	0.900000000000	170.000000000000	-75.939620155846	0.050657587739
1.000000000000	0.900000000000	180.000000000000	-75.937537716731	0.050007206279
1.000000000000	1.000000000000	90.000000000000	-75.969685207170	0.038853247473
1.000000000000	1.000000000000	100.000000000000	-75.978325320912	0.032064709008
1.000000000000	1.000000000000	110.000000000000	-75.980752616732	0.027370808298
1.000000000000	1.000000000000	120.000000000000	-75.977856508604	0.026682981784
1.000000000000	1.000000000000	130.000000000000	-75.970867347822	0.029389398365
1.000000000000	1.000000000000	140.000000000000	-75.961312715065	0.032937904469
1.000000000000	1.000000000000	150.000000000000	-75.950971045925	0.035320651494
1.000000000000	1.000000000000	160.000000000000	-75.941740478064	0.035923348520
1.000000000000	1.000000000000	170.000000000000	-75.935367733875	0.035409871724
1.000000000000	1.000000000000	180.000000000000	-75.933093723655	0.035025959636
1.000000000000	1.100000000000	90.000000000000	-75.957919940784	0.055674763757
1.000000000000	1.100000000000	100.000000000000	-75.965042167647	0.051001128108
1.000000000000	1.100000000000	110.000000000000	-75.966209430319	0.047358091041
1.000000000000	1.100000000000	120.000000000000	-75.962258999209	0.045920011312
1.000000000000	1.100000000000	130.000000000000	-75.954343596467	0.046807278628
1.000000000000	1.100000000000	140.000000000000	-75.943908779178	0.049027837589
1.000000000000	1.100000000000	150.000000000000	-75.932690713342	0.051231517144
1.000000000000	1.100000000000	160.000000000000	-75.922636429864	0.052560813144
1.000000000000	1.100000000000	170.000000000000	-75.915645173554	0.052999344888
1.000000000000	1.100000000000	180.000000000000	-75.913138022467	0.053047265644
1.000000000000	1.200000000000	90.000000000000	-75.938752637423	0.064282343512
1.000000000000	1.200000000000	100.000000000000	-75.944404907592	0.060477701081
1.000000000000	1.200000000000	110.000000000000	-75.944410531502	0.057265046905
1.000000000000	1.200000000000	120.000000000000	-75.939529777022	0.055705765854
1.000000000000	1.200000000000	130.000000000000	-75.930805597311	0.056127916019
1.000000000000	1.200000000000	140.000000000000	-75.919565768403	0.057988670099
1.000000000000	1.200000000000	150.000000000000	-75.907470288510	0.060242706031
1.000000000000	1.200000000000	160.000000000000	-75.896506193208	0.061980965228
1.000000000000	1.200000000000	170.000000000000	-75.888775995327	0.062879702283
1.000000000000	1.200000000000	180.000000000000	-75.885978089795	0.063123320918
1.000000000000	1.300000000000	90.000000000000	-75.916344699767	0.066879756532
1.000000000000	1.300000000000	100.000000000000	-75.920649790695	0.063462224183
1.000000000000	1.300000000000	110.000000000000	-75.919649473723	0.060397246534
1.000000000000	1.300000000000	120.000000000000	-75.914007513418	0.058715715657
1.000000000000	1.300000000000	130.000000000000	-75.904635356488	0.058866211870
1.000000000000	1.300000000000	140.000000000000	-75.892714117329	0.060538282275
1.000000000000	1.300000000000	150.000000000000	-75.879786333702	0.062859376538
1.000000000000	1.300000000000	160.000000000000	-75.867844539993	0.064893114595
1.000000000000	1.300000000000	170.000000000000	-75.859232583035	0.066111916442
1.000000000000	1.300000000000	180.000000000000	-75.856065833292	0.066489267247
1.000000000000	1.400000000000	90.000000000000	-75.892874827751	0.066228041502
1.000000000000	1.400000000000	100.000000000000	-75.895994402461	0.062998843840
1.000000000000	1.400000000000	110.000000000000	-75.894167466880	0.059965213376
1.000000000000	1.400000000000	120.000000000000	-75.887952466023	0.058131950899
1.000000000000	1.400000000000	130.000000000000	-75.878121092147	0.058024190569
1.000000000000	1.400000000000	140.000000000000	-75.865689735570	0.059491634093
1.000000000000	1.400000000000	150.000000000000	-75.852038557499	0.061803146809
1.000000000000	1.400000000000	160.000000000000	-75.839094382400	0.064033797521
1.000000000000	1.400000000000	170.000000000000	-75.829434822025	0.065509196666
1.000000000000	1.400000000000	180.000000000000	-75.825786445446	0.066003616249
1.100000000000	0.700000000000	90.000000000000	-75.825177469056	0.349315258958
1.100000000000	0.700000000000	100.000000000000	-75.835405737210	0.354775803516
1.100000000000	0.700000000000	110.000000000000	-75.839378344697	0.360647338238
1.100000000000	0.700000000000	120.000000000000	-75.838014595868	0.366152939686
1.100000000000	0.700000000000	130.000000000000	-75.832536986919	0.370715977970
1.100000000000	0.700000000000	140.000000000000	-75.824450420555	0.373999731832
1.100000000000	0.700000000000	150.000000000000	-75.815478044754	0.375961686919
1.100000000000	0.700000000000	160.000000000000	-75.807407403250	0.376859659308
1.100000000000	0.700000000000	170.000000000000	-75.801828991430	0.377132115936
1.100000000000	0.700000000000	180.000000000000	-75.799839525216	0.377171788718
1.100000000000	0.800000000000	90.000000000000	-75.920213901923	0.147764633554
1.100000000000	0.800000000000	100.000000000000	-75.929604652128	0.151458590757
1.100000000000	0.800000000000	110.000000000000	-75.932760609650	0.156038927461
1.100000000000	0.800000000000	120.000000000000	-75.930577539085	0.160834720571
1.100000000000	0.800000000000	130.000000000000	-75.924278412217	0.165191485539
1.100000000000	0.800000000000	140.000000000000	-75.915382510923	0.168564618489
1.100000000000	0.800000000000	150.000000000000	-75.905649115634	0.170671025227
1.100000000000	0.800000000000	160.000000000000	-75.896932681672	0.171616517857
1.100000000000	0.800000000000	170.000000000000	-75.890912876681	0.171845277806
1.100000000000	0.800000000000	180.000000000000	-75.888765646714	0.171851265030
1.100000000000	0.900000000000	90.000000000000	-75.954497845419	0.061996801437
1.100000000000	0.900000000000	100.000000000000	-75.962830915703	0.061608573319
1.100000000000	0.900000000000	110.000000000000	-75.965029631645	0.062974506168
1.100000000000	0.900000000000	120.000000000000	-75.961966851852	0.065919419609
1.100000000000	0.900000000000	130.000000000000	-75.954845584732	0.069653539151
1.100000000000	0.900000000000	140.000000000000	-75.945166603915	0.073152099461
1.100000000000	0.900000000000	150.000000000000	-75.934692985108	0.075601818027
1.100000000000	0.900000000000	160.000000000000	-75.925329419997	0.076754998979
1.100000000000	0.900000000000	170.000000000000	-75.918852304408	0.076999123856
1.100000000000	0.900000000000	180.000000000000	-75.916538219721	0.076977603389
1.100000000000	1.000000000000	90.000000000000	-75.957919940811	0.055674763567
1.100000000000	1.000000000000	100.000000000000	-75.965042167678	0.051001130376
1.100000000000	1.000000000000	110.000000000000	-75.966209430320	0.047358090218
1.100000000000	1.000000000000	120.000000000000	-75.962258999229	0.045920011702
1.100000000000	1.000000000000	130.000000000000	-75.954343596458	0.046807277559
1.100000000000	1.000000000000	140.000000000000	-75.943908779181	0.049027837616
1.100000000000	1.000000000000	150.000000000000	-75.932690713356	0.051231517256
1.100000000000	1.000000000000	160.000000000000	-75.922636429887	0.052560812429
1.100000000000	1.000000000000	170.000000000000	-75.915645173545	0.052999346379
1.100000000000	1.000000000000	180.000000000000	-75.913138022479	0.053047265675
1.100000000000	1.100000000000	90.000000000000	-75.945955382819	0.068129297958
1.100000000000	1.100000000000	100.000000000000	-75.951806941631	0.063102513700
1.100000000000	1.100000000000	110.000000000000	-75.951950621057	0.058338473091
1.100000000000	1.100000000000	120.000000000000	-75.947165224680	0.055112259757
1.100000000000	1.100000000000	130.000000000000	-75.938520450028	0.054050082644
1.100000000000	1.100000000000	140.000000000000	-75.927371405822	0.054820850269
1.100000000000	1.100000000000	150.000000000000	-75.915397572349	0.056382845701
1.100000000000	1.100000000000	160.000000000000	-75.904582291225	0.057710958200
1.100000000000	1.100000000000	170.000000000000	-75.896986433444	0.058383595683
1.100000000000	1.100000000000	180.000000000000	-75.894244160932	0.058552204473
1.100000000000	1.200000000000	90.000000000000	-75.926622755803	0.075242052702
1.100000000000	1.200000000000	100.000000000000	-75.931235047327	0.070377013207
1.100000000000	1.200000000000	110.000000000000	-75.930436307075	0.065460106650
1.100000000000	1.200000000000	120.000000000000	-75.924923142519	0.061735882053
1.100000000000	1.200000000000	130.000000000000	-75.915655087957	0.059964317600
1.100000000000	1.200000000000	140.000000000000	-75.903866697809	0.060120121161
1.100000000000	1.200000000000	150.000000000000	-75.891148259147	0.061421177492
1.100000000000	1.200000000000	160.000000000000	-75.879502276642	0.062839463551
1.100000000000	1.200000000000	170.000000000000	-75.871189945128	0.063722685131
1.100000000000	1.200000000000	180.000000000000	-75.868155998701	0.063989313165
1.100000000000	1.300000000000	90.000000000000	-75.904095235107	0.077464890328
1.100000000000	1.300000000000	100.000000000000	-75.907565304156	0.072722808264
1.100000000000	1.300000000000	110.000000000000	-75.905952492748	0.067753197212
1.100000000000	1.300000000000	120.000000000000	-75.899854676198	0.063770384955
1.100000000000	1.300000000000	130.000000000000	-75.890104776391	0.061599316058
1.100000000000	1.300000000000	140.000000000000	-75.877794550700	0.061393506426
1.100000000000	1.300000000000	150.000000000000	-75.864388352515	0.062551066404
1.100000000000	1.300000000000	160.000000000000	-75.851866860304	0.064064256333
1.100000000000	1.300000000000	170.000000000000	-75.842710841934	0.065118262172
1.100000000000	1.300000000000	180.000000000000	-75.839309882908	0.065459664314
1.100000000000	1.400000000000	90.000000000000	-75.880546561423	0.076922288461
1.100000000000	1.400000000000	100.000000000000	-75.883006379588	0.072260364838
1.100000000000	1.400000000000	110.000000000000	-75.880727753643	0.067255463323
1.100000000000	1.400000000000	120.000000000000	-75.874203818119	0.063080534605
1.100000000000	1.400000000000	130.000000000000	-75.864136495517	0.060590866787
1.100000000000	1.400000000000	140.000000000000	-75.851462755668	0.060065498454
1.100000000000	1.400000000000	150.000000000000	-75.837484220693	0.061054961957
1.100000000000	1.400000000000	160.000000000000	-75.824089537306	0.062599651768
1.100000000000	1.400000000000	170.000000000000	-75.813949515974	0.063766822488
1.100000000000	1.400000000000	180.000000000000	-75.810074641463	0.064157842986
1.200000000000	0.700000000000	90.000000000000	-75.806101465241	0.353261508708
1.200000000000	0.700000000000	100.000000000000	-75.814265925353	0.359634644231
1.200000000000	0.700000000000	110.000000000000	-75.816517411016	0.366216977758
1.200000000000	0.700000000000	120.000000000000	-75.813693005156	0.372338775553
1.200000000000	0.700000000000	130.000000000000	-75.806918920107	0.377509347073
1.200000000000	0.700000000000	140.000000000000	-75.797611877076	0.381438061329
1.200000000000	0.700000000000	150.000000000000	-75.787461631499	0.384069230874
1.200000000000	0.700000000000	160.000000000000	-75.778326796538	0.385583461074
1.200000000000	0.700000000000	170.000000000000	-75.771975162247	0.386301325901
1.200000000000	0.700000000000	180.000000000000	-75.769699383866	0.386504943743
1.200000000000	0.800000000000	90.000000000000	-75.901248971581	0.152896528681
1.200000000000	0.800000000000	100.000000000000	-75.908740148367	0.157650653468
1.200000000000	0.800000000000	110.000000000000	-75.910324868078	0.162974892382
1.200000000000	0.800000000000	120.000000000000	-75.906825705773	0.168342727896
1.200000000000	0.800000000000	130.000000000000	-75.899366406483	0.173247625550
1.200000000000	0.800000000000	140.000000000000	-75.889367332974	0.177249581708
1.200000000000	0.800000000000	150.000000000000	-75.878540453400	0.180077278278
1.200000000000	0.800000000000	160.000000000000	-75.868803443100	0.181735954123
1.200000000000	0.800000000000	170.000000000000	-75.862021845406	0.182498911393
1.200000000000	0.800000000000	180.000000000000	-75.859588348910	0.182704004571
1.200000000000	0.900000000000	90.000000000000	-75.935474981573	0.070591680371
1.200000000000	0.900000000000	100.000000000000	-75.942111825903	0.071344929594
1.200000000000	0.900000000000	110.000000000000	-75.942932312320	0.073235528525
1.200000000000	0.900000000000	120.000000000000	-75.938736770389	0.076271908769
1.200000000000	0.900000000000	130.000000000000	-75.930623121052	0.080003187276
1.200000000000	0.900000000000	140.000000000000	-75.919982299183	0.083705590132
1.200000000000	0.900000000000	150.000000000000	-75.908515496242	0.086676285574
1.200000000000	0.900000000000	160.000000000000	-75.898181214516	0.088540815172
1.200000000000	0.900000000000	170.000000000000	-75.890952159527	0.089400614289
1.200000000000	0.900000000000	180.000000000000	-75.888349784851	0.089622001533
1.200000000000	1.000000000000	90.000000000000	-75.938752637454	0.064282343591
1.200000000000	1.000000000000	100.000000000000	-75.944404907617	0.060477701536
1.200000000000	1.000000000000	110.000000000000	-75.944410531505	0.057265046688
1.200000000000	1.000000000000	120.000000000000	-75.939529776997	0.055705765543
1.200000000000	1.000000000000	130.000000000000	-75.930805597306	0.056127916473
1.200000000000	1.000000000000	140.000000000000	-75.919565768355	0.057988668395
1.200000000000	1.000000000000	150.000000000000	-75.907470288504	0.060242706584
1.200000000000	1.000000000000	160.000000000000	-75.896506193163	0.061980965105
1.200000000000	1.000000000000	170.000000000000	-75.888775995366	0.062879701610
1.200000000000	1.000000000000	180.000000000000	-75.885978089801	0.063123321358
1.200000000000	1.100000000000	90.000000000000	-75.926622755800	0.075242054144
1.200000000000	1.100000000000	100.000000000000	-75.931235047310	0.070377013257
1.200000000000	1.100000000000	110.000000000000	-75.930436307055	0.065460107384
1.200000000000	1.100000000000	120.000000000000	-75.924923142517	0.061735881973
1.200000000000	1.100000000000	130.000000000000	-75.915655087970	0.059964319780
1.200000000000	1.100000000000	140.000000000000	-75.903866697784	0.060120122512
1.200000000000	1.100000000000	150.000000000000	-75.891148259134	0.061421176404
1.200000000000	1.100000000000	160.000000000000	-75.879502276622	0.062839463799
1.200000000000	1.100000000000	170.000000000000	-75.871189945099	0.063722684914
1.200000000000	1.100000000000	180.000000000000	-75.868155998695	0.063989312976
1.200000000000	1.200000000000	90.000000000000	-75.907143546601	0.081819629596
1.200000000000	1.200000000000	100.000000000000	-75.910735427490	0.076817423315
1.200000000000	1.200000000000	110.000000000000	-75.909199266944	0.071478621519
1.200000000000	1.200000000000	120.000000000000	-75.903146475310	0.067047580784
1.200000000000	1.200000000000	130.000000000000	-75.893431433863	0.064394357792
1.200000000000	1.200000000000	140.000000000000	-75.881171725333	0.063741524805
1.200000000000	1.200000000000	150.000000000000	-75.867858804760	0.064548027222
1.200000000000	1.200000000000	160.000000000000	-75.855486414787	0.065824978801
1.200000000000	1.200000000000	170.000000000000	-75.846496616355	0.066745474777
1.200000000000	1.200000000000	180.000000000000	-75.843173687940	0.067043438281
1.200000000000	1.300000000000	90.000000000000	-75.884503075591	0.083984359193
1.200000000000	1.300000000000	100.000000000000	-75.887149077617	0.078996277175
1.200000000000	1.300000000000	110.000000000000	-75.884979506335	0.073514072841
1.200000000000	1.300000000000	120.000000000000	-75.878506983651	0.068758198864
1.200000000000	1.300000000000	130.000000000000	-75.868468947364	0.065636163724
1.200000000000	1.300000000000	140.000000000000	-75.855850187447	0.064508520823
1.200000000000	1.300000000000	150.000000000000	-75.842013245358	0.065007106721
1.200000000000	1.300000000000	160.000000000000	-75.828899622552	0.066203921212
1.200000000000	1.300000000000	170.000000000000	-75.819130131870	0.067158654827
1.200000000000	1.300000000000	180.000000000000	-75.815449206293	0.067475718911
1.200000000000	1.400000000000	90.000000000000	-75.860874107759	0.083603167500
1.200000000000	1.400000000000	100.000000000000	-75.862678890918	0.078666323562
1.200000000000	1.400000000000	110.000000000000	-75.859995902015	0.073135292771
1.200000000000	1.400000000000	120.000000000000	-75.853235187082	0.068190386628
1.200000000000	1.400000000000	130.000000000000	-75.843015599267	0.064743236106
1.200000000000	1.400000000000	140.000000000000	-75.830182172577	0.063241867667
1.200000000000	1.400000000000	150.000000000000	-75.815941337134	0.063457618587
1.200000000000	1.400000000000	160.000000000000	-75.802118923532	0.064539832344
1.200000000000	1.400000000000	170.000000000000	-75.791465416382	0.065473485353
1.200000000000	1.400000000000	180.000000000000	-75.787330915269	0.065775174753
1.300000000000	0.700000000000	90.000000000000	-75.783642931617	0.355762865654
1.300000000000	0.700000000000	100.000000000000	-75.789961521968	0.362371713589
1.300000000000	0.700000000000	110.000000000000	-75.790726159261	0.369057491799
1.300000000000	0.700000000000	120.000000000000	-75.786677675055	0.375236616210
1.300000000000	0.700000000000	130.000000000000	-75.778818319122	0.380488392401
1.300000000000	0.700000000000	140.000000000000	-75.768437411449	0.384566841396
1.300000000000	0.700000000000	150.000000000000	-75.757148295519	0.387424083188
1.300000000000	0.700000000000	160.000000000000	-75.746866861736	0.389204980376
1.300000000000	0.700000000000	170.000000000000	-75.739602422256	0.390152622604
1.300000000000	0.700000000000	180.000000000000	-75.736970677377	0.390449906052
1.300000000000	0.800000000000	90.000000000000	-75.878936744044	0.155337571630
1.300000000000	0.800000000000	100.000000000000	-75.884711632682	0.160501002099
1.300000000000	0.800000000000	110.000000000000	-75.884936115497	0.166026240122
1.300000000000	0.800000000000	120.000000000000	-75.880340242288	0.171485268478
1.300000000000	0.800000000000	130.000000000000	-75.871919706650	0.176478700493
1.300000000000	0.800000000000	140.000000000000	-75.860957396960	0.180653517805
1.300000000000	0.800000000000	150.000000000000	-75.849073550649	0.183769660257
1.300000000000	0.800000000000	160.000000000000	-75.838229585481	0.185783446240
1.300000000000	0.800000000000	170.000000000000	-75.830537921126	0.186851649407
1.300000000000	0.800000000000	180.000000000000	-75.827743147371	0.187179546478
1.300000000000	0.900000000000	90.000000000000	-75.913157399248	0.073515148169
1.300000000000	0.900000000000	100.000000000000	-75.918249563276	0.074803674000
1.300000000000	0.900000000000	110.000000000000	-75.917875916703	0.076899722219
1.300000000000	0.900000000000	120.000000000000	-75.912743297255	0.079903621879
1.300000000000	0.900000000000	130.000000000000	-75.903818137346	0.083545187183
1.300000000000	0.900000000000	140.000000000000	-75.892346817905	0.087282478091
1.300000000000	0.900000000000	150.000000000000	-75.879924856344	0.090502170453
1.300000000000	0.900000000000	160.000000000000	-75.868537899357	0.092769484213
1.300000000000	0.900000000000	170.000000000000	-75.860407224492	0.094003449011
1.300000000000	0.900000000000	180.000000000000	-75.857438653260	0.094377426335
1.300000000000	1.000000000000	90.000000000000	-75.916344699765	0.066879755601
1.300000000000	1.000000000000	100.000000000000	-75.920649790681	0.063462224215
1.300000000000	1.000000000000	110.000000000000	-75.919649473707	0.060397245474
1.300000000000	1.000000000000	120.000000000000	-75.914007513439	0.058715715932
1.300000000000	1.000000000000	130.000000000000	-75.904635356465	0.058866212631
1.300000000000	1.000000000000	140.000000000000	-75.892714117333	0.060538282413
1.300000000000	1.000000000000	150.000000000000	-75.879786333716	0.062859376751
1.300000000000	1.000000000000	160.000000000000	-75.867844539966	0.064893115311
1.300000000000	1.000000000000	170.000000000000	-75.859232583036	0.066111917361
1.300000000000	1.000000000000	180.000000000000	-75.856065833281	0.066489267149
1.300000000000	1.100000000000	90.000000000000	-75.904095235097	0.077464890835
1.300000000000	1.100000000000	100.000000000000	-75.907565304141	0.072722808917
1.300000000000	1.100000000000	110.000000000000	-75.905952492748	0.067753197778
1.300000000000	1.100000000000	120.000000000000	-75.899854676194	0.063770384479
1.300000000000	1.100000000000	130.000000000000	-75.890104776354	0.061599319095
1.300000000000	1.100000000000	140.000000000000	-75.877794550728	0.061393506887
1.300000000000	1.100000000000	150.000000000000	-75.864388352514	0.062551066021
1.300000000000	1.100000000000	160.000000000000	-75.851866860303	0.064064255327
1.300000000000	1.100000000000	170.000000000000	-75.842710841904	0.065118263556
1.300000000000	1.100000000000	180.000000000000	-75.839309882910	0.065459664600
1.300000000000	1.200000000000	90.000000000000	-75.884503075577	0.083984360187
1.300000000000	1.200000000000	100.000000000000	-75.887149077615	0.078996276618
1.300000000000	1.200000000000	110.000000000000	-75.884979506314	0.073514073693
1.300000000000	1.200000000000	120.000000000000	-75.878506983630	0.068758199112
1.300000000000	1.200000000000	130.000000000000	-75.868468947382	0.065636163278
1.300000000000	1.200000000000	140.000000000000	-75.855850187444	0.064508519370
1.300000000000	1.200000000000	150.000000000000	-75.842013245334	0.065007107018
1.300000000000	1.200000000000	160.000000000000	-75.828899622579	0.066203920596
1.300000000000	1.200000000000	170.000000000000	-75.819130131834	0.067158655115
1.300000000000	1.200000000000	180.000000000000	-75.815449206296	0.067475718487
1.300000000000	1.300000000000	90.000000000000	-75.861771893842	0.086228175407
1.300000000000	1.300000000000	100.000000000000	-75.863649173567	0.081226420935
1.300000000000	1.300000000000	110.000000000000	-75.861006525879	0.075579602066
1.300000000000	1.300000000000	120.000000000000	-75.854259725403	0.070489649068
1.300000000000	1.300000000000	130.000000000000	-75.844042313455	0.066881674738
1.300000000000	1.300000000000	140.000000000000	-75.831221601592	0.065221341228
1.300000000000	1.300000000000	150.000000000000	-75.817036500157	0.065300631187
1.300000000000	1.300000000000	160.000000000000	-75.803349252909	0.066280729298
1.300000000000	1.300000000000	170.000000000000	-75.792898902566	0.067151577950
1.300000000000	1.300000000000	180.000000000000	-75.788880093944	0.067433907529
1.300000000000	1.400000000000	90.000000000000	-75.838076275803	0.085983698906
1.300000000000	1.400000000000	100.000000000000	-75.839265336151	0.081040488112
1.300000000000	1.400000000000	110.000000000000	-75.836245496800	0.075354160641
1.300000000000	1.400000000000	120.000000000000	-75.829332805879	0.070094016327
1.300000000000	1.400000000000	130.000000000000	-75.819056661388	0.066175256170
1.300000000000	1.400000000000	140.000000000000	-75.806163936529	0.064122834660
1.300000000000	1.400000000000	150.000000000000	-75.791751429728	0.063849018272
1.300000000000	1.400000000000	160.000000000000	-75.777551635137	0.064606702746
1.300000000000	1.400000000000	170.000000000000	-75.766361115218	0.065345604923
1.300000000000	1.400000000000	180.000000000000	-75.761926798615	0.065551248083
1.400000000000	0.700000000000	90.000000000000	-75.760030810161	0.357287114918
1.400000000000	0.700000000000	100.000000000000	-75.764751744659	0.363784712980
1.400000000000	0.700000000000	110.000000000000	-75.764288896278	0.370272101120
1.400000000000	0.700000000000	120.000000000000	-75.759278799099	0.376230310722
1.400000000000	0.700000000000	130.000000000000	-75.750583247656	0.381290157486
1.400000000000	0.700000000000	140.000000000000	-75.739331629097	0.385243201109
1.400000000000	0.700000000000	150.000000000000	-75.727004493244	0.388064196113
1.400000000000	0.700000000000	160.000000000000	-75.715518829929	0.389905403706
1.400000000000	0.700000000000	170.000000000000	-75.707164144348	0.390978609830
1.400000000000	0.700000000000	180.000000000000	-75.704072323841	0.391348769259
1.400000000000	0.800000000000	90.000000000000	-75.855482898058	0.156141152316
1.400000000000	0.800000000000	100.000000000000	-75.859763122773	0.161382945453
1.400000000000	0.800000000000	110.000000000000	-75.858865734608	0.166841417845
1.400000000000	0.800000000000	120.000000000000	-75.853417265499	0.172152854545
1.400000000000	0.800000000000	130.000000000000	-75.844269760246	0.176993145528
1.400000000000	0.800000000000	140.000000000000	-75.832539165509	0.181081705898
1.400000000000	0.800000000000	150.000000000000	-75.819699018580	0.184227814314
1.400000000000	0.800000000000	160.000000000000	-75.807692059176	0.186392199052
1.400000000000	0.800000000000	170.000000000000	-75.798906103010	0.187667037078
1.400000000000	0.800000000000	180.000000000000	-75.795639010136	0.188101213753
1.400000000000	0.900000000000	90.000000000000	-75.889734075458	0.073360516860
1.400000000000	0.900000000000	100.000000000000	-75.893473742276	0.074928925870
1.400000000000	0.900000000000	110.000000000000	-75.892116512374	0.077090118645
1.400000000000	0.900000000000	120.000000000000	-75.886264765833	0.079985961069
1.400000000000	0.900000000000	130.000000000000	-75.876741034096	0.083456007516
1.400000000000	0.900000000000	140.000000000000	-75.864622897277	0.087091365349
1.400000000000	0.900000000000	150.000000000000	-75.851349134296	0.090375451185
1.400000000000	0.900000000000	160.000000000000	-75.838864596829	0.092876353769
1.400000000000	0.900000000000	170.000000000000	-75.829651783974	0.094397269087
1.400000000000	0.900000000000	180.000000000000	-75.826202979999	0.094908802212
1.400000000000	1.000000000000	90.000000000000	-75.892874827735	0.066228040896
1.400000000000	1.000000000000	100.000000000000	-75.895994402461	0.062998843285
1.400000000000	1.000000000000	110.000000000000	-75.894167466888	0.059965212568
1.400000000000	1.000000000000	120.000000000000	-75.887952466059	0.058131950851
1.400000000000	1.000000000000	130.000000000000	-75.878121092147	0.058024189892
1.400000000000	1.000000000000	140.000000000000	-75.865689735582	0.059491633734
1.400000000000	1.000000000000	150.000000000000	-75.852038557487	0.061803147047
1.400000000000	1.000000000000	160.000000000000	-75.839094382395	0.064033797962
1.400000000000	1.000000000000	170.000000000000	-75.829434822021	0.065509195513
1.400000000000	1.000000000000	180.000000000000	-75.825786445454	0.066003616795
1.400000000000	1.100000000000	90.000000000000	-75.880546561420	0.076922288189
1.400000000000	1.100000000000	100.000000000000	-75.883006379555	0.072260364583
1.400000000000	1.100000000000	110.000000000000	-75.880727753646	0.067255462772
1.400000000000	1.100000000000	120.000000000000	-75.874203818116	0.063080533277
1.400000000000	1.100000000000	130.000000000000	-75.864136495522	0.060590867211
1.400000000000	1.100000000000	140.000000000000	-75.851462755697	0.060065499640
1.400000000000	1.100000000000	150.000000000000	-75.837484220712	0.061054960696
1.400000000000	1.100000000000	160.000000000000	-75.824089537308	0.062599651579
1.400000000000	1.100000000000	170.000000000000	-75.813949515975	0.063766822815
1.400000000000	1.100000000000	180.000000000000	-75.810074641472	0.064157842586
1.400000000000	1.200000000000	90.000000000000	-75.860874107751	0.083603167327
1.400000000000	1.200000000000	100.000000000000	-75.862678890912	0.078666322335
1.400000000000	1.200000000000	110.000000000000	-75.859995902015	0.073135292262
1.400000000000	1.200000000000	120.000000000000	-75.853235187087	0.068190387055
1.400000000000	1.200000000000	130.000000000000	-75.843015599312	0.064743235509
1.400000000000	1.200000000000	140.000000000000	-75.830182172731	0.063241850840
1.400000000000	1.200000000000	150.000000000000	-75.815941337156	0.063457627865
1.400000000000	1.200000000000	160.000000000000	-75.802118923728	0.064539817986
1.400000000000	1.200000000000	170.000000000000	-75.791465416503	0.065473481853
1.400000000000	1.200000000000	180.000000000000	-75.787330915235	0.065775175789
1.400000000000	1.300000000000	90.000000000000	-75.838076275788	0.085983698799
1.400000000000	1.300000000000	100.000000000000	-75.839265336050	0.081040479774
1.400000000000	1.300000000000	110.000000000000	-75.836245496680	0.075354166309
1.400000000000	1.300000000000	120.000000000000	-75.829332805935	0.070093998005
1.400000000000	1.300000000000	130.000000000000	-75.819056661418	0.066175258063
1.400000000000	1.300000000000	140.000000000000	-75.806163936449	0.064122825286
1.400000000000	1.300000000000	150.000000000000	-75.791751429684	0.063849020530
1.400000000000	1.300000000000	160.000000000000	-75.777551635242	0.064606717709
1.400000000000	1.300000000000	170.000000000000	-75.766361115264	0.065345605865
1.400000000000	1.300000000000	180.000000000000	-75.761926798641	0.065551250201
1.400000000000	1.400000000000	90.000000000000	-75.814331310871	0.085852972065
1.400000000000	1.400000000000	100.000000000000	-75.814964628808	0.080991682481
1.400000000000	1.400000000000	110.000000000000	-75.811684166854	0.075283891757
1.400000000000	1.400000000000	120.000000000000	-75.804708889476	0.069878339249
1.400000000000	1.400000000000	130.000000000000	-75.794478743139	0.065673861171
1.400000000000	1.400000000000	140.000000000000	-75.781641383520	0.063233039055
1.400000000000	1.400000000000	150.000000000000	-75.767173907877	0.062567875356
1.400000000000	1.400000000000	160.000000000000	-75.752680467474	0.063025374409
1.400000000000	1.400000000000	170.000000000000	-75.740944077261	0.063538356358
1.400000000000	1.400000000000	180.000000000000	-75.736158178818	0.063603691175
