r0,r1,r2,E
1.771110879100,1.150000000000,1.050000000000,-75.950634101690
1.778120818400,1.050000000000,1.050000000000,-75.967195248862
1.947465658200,1.150000000000,1.150000000000,-75.929038534217
2.035313243700,1.200000000000,1.150000000000,-75.914597379567
1.558845726800,0.900000000000,0.900000000000,-75.978819590538
1.329113520200,0.850000000000,0.850000000000,-75.954216582757
1.992485884500,1.200000000000,1.100000000000,-75.924923144412
1.699020652200,1.200000000000,0.900000000000,-75.943250623716
1.667537790900,1.100000000000,1.100000000000,-75.951334418765
1.573891269600,1.050000000000,0.850000000000,-75.963029713831
1.778916587700,1.100000000000,1.000000000000,-75.964511441724
1.540910836500,1.100000000000,1.000000000000,-75.961739853232
1.645448267200,0.950000000000,0.950000000000,-75.983545872239
1.574810600000,1.150000000000,0.850000000000,-75.942858202904
1.783956277500,1.200000000000,0.850000000000,-75.928100236953
1.697056274800,1.200000000000,1.200000000000,-75.907143548610
1.907878402800,1.200000000000,1.000000000000,-75.939529778431
2.078460969100,1.200000000000,1.200000000000,-75.903146477523
1.453444185400,1.100000000000,0.950000000000,-75.958864937695
1.274754878400,0.950000000000,0.850000000000,-75.954817353032
1.687390721500,1.200000000000,1.100000000000,-75.929293526750
1.450000000000,1.050000000000,1.000000000000,-75.965106216696
1.822205422000,1.150000000000,1.000000000000,-75.953899411924
1.661096536200,1.150000000000,0.850000000000,-75.943480198026
1.876395557900,1.200000000000,1.200000000000,-75.910798202461
1.730140009600,1.100000000000,1.050000000000,-75.960745603412
1.693824092400,1.150000000000,0.950000000000,-75.958161274444
1.617542180400,1.200000000000,0.850000000000,-75.931650332465
1.343502884300,0.950000000000,0.950000000000,-75.971318124505
1.402626919400,0.950000000000,0.900000000000,-75.976631130954
1.364349101700,0.900000000000,0.900000000000,-75.972802273440
1.743334963200,1.150000000000,1.150000000000,-75.932109370363
1.312440474800,1.000000000000,0.850000000000,-75.954125845388
1.308625232800,0.950000000000,0.900000000000,-75.966806206138
1.415980225900,1.050000000000,0.950000000000,-75.966002713974
1.905255888300,1.100000000000,1.100000000000,-75.947165226344
1.610316221500,1.150000000000,0.900000000000,-75.954072221937
1.824828759100,1.200000000000,0.900000000000,-75.938736771015
1.449408702800,1.000000000000,0.850000000000,-75.966755942132
1.478404648800,1.000000000000,0.950000000000,-75.978976056151
1.817725303500,1.100000000000,1.100000000000,-75.951546758016
1.552873788200,1.200000000000,0.900000000000,-75.939069006601
1.690698489900,1.100000000000,1.000000000000,-75.966441173349
1.690414150400,1.050000000000,0.900000000000,-75.971306240830
1.528735781600,0.950000000000,0.950000000000,-75.984812974501
1.532518889400,1.100000000000,0.850000000000,-75.952883422447
1.440146274000,0.950000000000,0.950000000000,-75.980466581683
1.637777874700,1.200000000000,0.950000000000,-75.945418665936
1.779747173100,1.150000000000,0.900000000000,-75.950905283947
1.414213562400,1.000000000000,1.000000000000,-75.969685207635
