r0,r1,r2,E
1.559005523100,0.937500000000,0.937500000000,-75.985033217326
2.078460969100,1.200000000000,1.200000000000,-75.903146477523
1.697056274800,1.200000000000,1.200000000000,-75.907143548610
1.202081528000,0.850000000000,0.850000000000,-75.938122406324
1.783956277500,1.200000000000,0.850000000000,-75.928100236953
1.470544117000,1.200000000000,0.850000000000,-75.923650112884
1.775352077800,1.025000000000,1.025000000000,-75.972144925143
1.928892169100,1.200000000000,1.025000000000,-75.936908053796
1.331587398600,1.025000000000,0.850000000000,-75.952296935087
1.578171410200,1.200000000000,1.025000000000,-75.936758117716
1.413498340900,0.850000000000,0.850000000000,-75.959080271031
1.904048016700,1.200000000000,1.200000000000,-75.910576449067
1.638263193600,1.112500000000,0.850000000000,-75.951462809770
1.449568901400,1.025000000000,1.025000000000,-75.965868340485
1.768422984200,1.200000000000,1.025000000000,-75.942712605852
1.491347439800,1.025000000000,0.850000000000,-75.965294810993
1.626374347600,1.025000000000,1.025000000000,-75.975385100533
1.850019887400,1.112500000000,1.112500000000,-75.946315805025
1.545584672200,1.112500000000,0.937500000000,-75.962610819161
1.672843571600,1.112500000000,1.112500000000,-75.946405381544
1.325825214700,0.937500000000,0.937500000000,-75.970198714288
1.777507032300,1.112500000000,0.937500000000,-75.962048016944
2.003161563600,1.200000000000,1.112500000000,-75.922477095220
1.700137862100,1.025000000000,0.937500000000,-75.977620275628
1.855776454700,1.200000000000,0.937500000000,-75.941614739739
1.400055802500,1.112500000000,0.850000000000,-75.940553434788
1.703305345900,1.200000000000,0.937500000000,-75.946490129140
1.265466811100,0.937500000000,0.850000000000,-75.954234253594
1.389075681900,1.025000000000,0.937500000000,-75.968115917367
1.804415537900,1.200000000000,1.200000000000,-75.910335710787
1.573312588100,1.112500000000,1.112500000000,-75.941700378724
1.636354561200,1.200000000000,1.112500000000,-75.924476750496
1.512706597500,1.112500000000,1.025000000000,-75.953857836327
1.739586497800,1.200000000000,1.112500000000,-75.928362748094
1.676818246800,1.200000000000,1.025000000000,-75.941350343507
1.454841056600,1.112500000000,0.937500000000,-75.956255392457
1.522795537800,1.200000000000,0.937500000000,-75.939273756204
1.696629138800,1.112500000000,1.025000000000,-75.961554481792
1.835402708000,1.200000000000,1.112500000000,-75.929147279286
1.608092829100,1.112500000000,1.025000000000,-75.959400817946
1.626153436800,1.025000000000,0.850000000000,-75.964894614999
1.548638515000,0.937500000000,0.850000000000,-75.971167887262
1.558452255300,1.200000000000,0.850000000000,-75.929538343205
1.419119129300,0.937500000000,0.850000000000,-75.969622345418
1.476613109700,1.025000000000,0.937500000000,-75.975592544053
1.851646227000,1.112500000000,1.025000000000,-75.956961978647
1.616350884700,1.200000000000,0.937500000000,-75.944546817493
1.485602204800,1.112500000000,0.850000000000,-75.947647552092
1.541271605300,1.025000000000,1.025000000000,-75.972389591888
1.765211182100,1.112500000000,1.112500000000,-75.947853752973
