r0,r1,r2,E
1.638263193600,1.112500000000,0.850000000000,-75.951462809770
1.400055802500,1.112500000000,0.850000000000,-75.940553434788
1.487537513000,0.937500000000,0.937500000000,-75.983614904417
1.851646227000,1.112500000000,1.025000000000,-75.956961978647
1.995527069500,1.200000000000,1.200000000000,-75.908080024167
1.325825214700,0.937500000000,0.937500000000,-75.970198714288
1.765211182100,1.112500000000,1.112500000000,-75.947853752973
1.629859764500,1.112500000000,0.937500000000,-75.965473522564
1.608092829100,1.112500000000,1.025000000000,-75.959400817946
1.715568186400,1.200000000000,0.850000000000,-75.931420770669
1.265466811100,0.937500000000,0.850000000000,-75.954234253594
1.449568901400,1.025000000000,1.025000000000,-75.965868340485
1.559005523100,0.937500000000,0.937500000000,-75.985033217326
1.697056274800,1.200000000000,1.200000000000,-75.907143548610
1.419119129300,0.937500000000,0.850000000000,-75.969622345418
1.409699639000,0.937500000000,0.937500000000,-75.978780986690
1.676818246800,1.200000000000,1.025000000000,-75.941350343507
1.389075681900,1.025000000000,0.937500000000,-75.968115917367
1.573312588100,1.112500000000,1.112500000000,-75.941700378724
1.491347439800,1.025000000000,0.850000000000,-75.965294810993
2.003161563600,1.200000000000,1.112500000000,-75.922477095220
1.626374347600,1.025000000000,1.025000000000,-75.975385100533
1.548638515000,0.937500000000,0.850000000000,-75.971167887262
1.777507032300,1.112500000000,0.937500000000,-75.962048016944
1.331587398600,1.025000000000,0.850000000000,-75.952296935087
1.562034212500,1.025000000000,0.850000000000,-75.966560099645
1.545584672200,1.112500000000,0.937500000000,-75.962610819161
1.850019887400,1.112500000000,1.112500000000,-75.946315805025
1.345151429700,0.937500000000,0.850000000000,-75.963846967743
1.565135064200,1.112500000000,0.850000000000,-75.951179222560
1.928892169100,1.200000000000,1.025000000000,-75.936908053796
1.487046727700,0.937500000000,0.850000000000,-75.971908524906
1.512706597500,1.112500000000,1.025000000000,-75.953857836327
1.707283287000,1.112500000000,0.937500000000,-75.965147489067
1.704512705200,1.025000000000,1.025000000000,-75.975162547306
1.804415537900,1.200000000000,1.200000000000,-75.910335710787
1.636354561200,1.200000000000,1.112500000000,-75.924476750496
1.739586497800,1.200000000000,1.112500000000,-75.928362748094
1.783239740700,1.200000000000,0.937500000000,-75.945385481356
1.703305345900,1.200000000000,0.937500000000,-75.946490129140
