r0,r1,r2,E
1.559005523100,0.937500000000,0.937500000000,-75.985033217333
2.078460969100,1.200000000000,1.200000000000,-75.903146477524
1.697056274800,1.200000000000,1.200000000000,-75.907143548613
1.202081528000,0.850000000000,0.850000000000,-75.938122406342
1.783956277500,1.200000000000,0.850000000000,-75.928100237026
1.470544117000,1.200000000000,0.850000000000,-75.923650112900
1.775352077800,1.025000000000,1.025000000000,-75.972144925159
1.928892169100,1.200000000000,1.025000000000,-75.936908053885
1.331587398600,1.025000000000,0.850000000000,-75.952296935197
1.578171410200,1.200000000000,1.025000000000,-75.936758117739
1.413498340900,0.850000000000,0.850000000000,-75.959080271033
1.904048016700,1.200000000000,1.200000000000,-75.910576449068
1.638263193600,1.112500000000,0.850000000000,-75.951462809805
1.449568901400,1.025000000000,1.025000000000,-75.965868340492
1.768422984200,1.200000000000,1.025000000000,-75.942712605992
1.491347439800,1.025000000000,0.850000000000,-75.965294811009
1.626374347600,1.025000000000,1.025000000000,-75.975385100561
1.850019887400,1.112500000000,1.112500000000,-75.946315805083
1.545584672200,1.112500000000,0.937500000000,-75.962610819205
1.672843571600,1.112500000000,1.112500000000,-75.946405381650
1.325825214700,0.937500000000,0.937500000000,-75.970198714333
1.777507032300,1.112500000000,0.937500000000,-75.962048016974
2.003161563600,1.200000000000,1.112500000000,-75.922477095318
1.700137862100,1.025000000000,0.937500000000,-75.977620275639
1.855776454700,1.200000000000,0.937500000000,-75.941614739823
1.400055802500,1.112500000000,0.850000000000,-75.940553434796
1.703305345900,1.200000000000,0.937500000000,-75.946490129258
1.265466811100,0.937500000000,0.850000000000,-75.954234253640
1.389075681900,1.025000000000,0.937500000000,-75.968115917508
1.804415537900,1.200000000000,1.200000000000,-75.910335710789
1.573312588100,1.112500000000,1.112500000000,-75.941700378725
1.636354561200,1.200000000000,1.112500000000,-75.924476750541
1.512706597500,1.112500000000,1.025000000000,-75.953857836344
1.739586497800,1.200000000000,1.112500000000,-75.928362748286
1.676818246800,1.200000000000,1.025000000000,-75.941350343642
1.454841056600,1.112500000000,0.937500000000,-75.956255392467
1.522795537800,1.200000000000,0.937500000000,-75.939273756218
1.696629138800,1.112500000000,1.025000000000,-75.961554481848
1.835402708000,1.200000000000,1.112500000000,-75.929147279444
1.608092829100,1.112500000000,1.025000000000,-75.959400818006
