r0,r1,r2,E
1.638263193600,1.112500000000,0.850000000000,-75.951462809933
1.400055802500,1.112500000000,0.850000000000,-75.940553435173
1.487537513000,0.937500000000,0.937500000000,-75.983614904677
1.851646227000,1.112500000000,1.025000000000,-75.956961977075
1.995527069500,1.200000000000,1.200000000000,-75.908080021940
1.325825214700,0.937500000000,0.937500000000,-75.970198714782
1.765211182100,1.112500000000,1.112500000000,-75.947853751374
1.629859764500,1.112500000000,0.937500000000,-75.965473521901
1.608092829100,1.112500000000,1.025000000000,-75.959400816716
1.715568186400,1.200000000000,0.850000000000,-75.931420770470
1.265466811100,0.937500000000,0.850000000000,-75.954234254859
1.449568901400,1.025000000000,1.025000000000,-75.965868339741
1.559005523100,0.937500000000,0.937500000000,-75.985033217457
1.697056274800,1.200000000000,1.200000000000,-75.907143546580
1.419119129300,0.937500000000,0.850000000000,-75.969622346512
1.409699639000,0.937500000000,0.937500000000,-75.978780987030
1.676818246800,1.200000000000,1.025000000000,-75.941350342136
1.389075681900,1.025000000000,0.937500000000,-75.968115917315
1.573312588100,1.112500000000,1.112500000000,-75.941700377194
1.491347439800,1.025000000000,0.850000000000,-75.965294811599
2.003161563600,1.200000000000,1.112500000000,-75.922477093292
1.626374347600,1.025000000000,1.025000000000,-75.975385099596
1.548638515000,0.937500000000,0.850000000000,-75.971167888171
1.777507032300,1.112500000000,0.937500000000,-75.962048016126
1.331587398600,1.025000000000,0.850000000000,-75.952296935940
1.562034212500,1.025000000000,0.850000000000,-75.966560100186
1.545584672200,1.112500000000,0.937500000000,-75.962610818551
1.850019887400,1.112500000000,1.112500000000,-75.946315803320
1.345151429700,0.937500000000,0.850000000000,-75.963846968986
1.565135064200,1.112500000000,0.850000000000,-75.951179222803
1.928892169100,1.200000000000,1.025000000000,-75.936908052020
1.487046727700,0.937500000000,0.850000000000,-75.971908526003
1.512706597500,1.112500000000,1.025000000000,-75.953857835191
1.707283287000,1.112500000000,0.937500000000,-75.965147488269
1.704512705200,1.025000000000,1.025000000000,-75.975162546327
1.804415537900,1.200000000000,1.200000000000,-75.910335708700
1.636354561200,1.200000000000,1.112500000000,-75.924476748466
1.739586497800,1.200000000000,1.112500000000,-75.928362746391
1.783239740700,1.200000000000,0.937500000000,-75.945385480435
1.703305345900,1.200000000000,0.937500000000,-75.946490128291
